0,16.2353,17.0645
1,28.3529,28.1613
2,36.7059,36.4194
3,44,41.4516
4,47.7647,46.1613
5,50.4706,49.4194
6,53.7647,52.3226
7,56.2353,54.3871
8,57.1765,56.5161
9,58.3529,58.2903
10,59.2941,60.3226
11,60.3529,61.2903
12,62.8235,62.9355
13,64.5882,65.5806
14,66.4706,67.5484
15,68.3529,69.4194
16,70.4706,71.129
17,72.4706,72.7419
18,73.7647,74.2581
19,75.1765,75.6774
20,76.4706,76.6452
21,77.7647,77.5806
22,78.4706,78.4839
23,79.2941,79.2581
24,79.4118,80.0645
25,80.2353,80.8387
26,80.5882,81.4839
27,80.9412,82.0645
28,81.1765,82.7419
29,81.5294,83.0323
30,82.1176,83.3871
31,83.2941,83.6129
32,83.5294,83.9677
33,83.7647,84.2581
34,83.8824,84.5484
35,84,84.7742
36,84.1176,85.0968
37,84.2353,85.3548
38,84.2353,85.4839
39,84.7059,85.8387
40,84.9412,85.9355
41,85.4118,86.1935
42,85.6471,86.3871
43,85.7647,86.5484
44,86.2353,86.6774
45,86.7059,86.8387
46,86.7059,87
47,87.0588,87.129
48,87.2941,87.2903
49,87.5294,87.4839
50,87.5294,87.6129
51,87.5294,87.8387
52,87.7647,88.0323
53,88.1176,88.2581
54,88.3529,88.3871
55,88.7059,88.6452
56,88.8235,88.7742
57,89.0588,89.0323
58,89.0588,89.2258
59,89.0588,89.3871
60,89.1765,89.4516
61,89.4118,89.6129
62,89.4118,89.6774
63,90,89.8065
64,90.1176,89.9355
65,90.1176,90.0323
66,90.2353,90.1613
67,90.7059,90.3548
68,90.7059,90.4194
69,90.8235,90.5484
70,90.8235,90.6129
71,91.0588,90.7742
72,91.0588,90.8065
73,91.0588,90.9677
74,91.0588,91.129
75,91.1765,91.2258
76,91.1765,91.3226
77,91.2941,91.4516
78,91.2941,91.5806
79,91.2941,91.7097
80,91.2941,91.7742
81,91.4118,91.9677
82,91.5294,91.9677
83,91.5294,91.871
84,91.4118,91.9355
85,91.4118,91.9032
86,91.4118,91.9355
87,91.5294,92.0323
88,91.7647,92.1613
89,91.7647,92.1935
90,91.8824,92.2581
91,92,92.3226
92,92.3529,92.3871
93,92.2353,92.4516
94,92.2353,92.5484
95,92.2353,92.5484
96,92.2353,92.6129
97,92.3529,92.6129
98,92.3529,92.6452
99,92.4706,92.6452
100,92.4706,92.6774
101,92.4706,92.7097
102,92.7059,92.8387
103,92.9412,92.9355
104,92.9412,92.9355
105,92.9412,92.9355
106,92.8235,93.0323
107,92.8235,93.0323
108,92.8235,93.0968
109,92.8235,93.1613
110,92.8235,93.1613
111,92.8235,93.2258
112,92.8235,93.2903
113,92.9412,93.3871
114,92.9412,93.4194
115,92.9412,93.4516
116,93.0588,93.4516
117,93.0588,93.4839
118,93.0588,93.4839
119,93.0588,93.4839
120,93.0588,93.4839
121,93.0588,93.5161
122,93.0588,93.6129
123,93.0588,93.6774
124,93.1765,93.6774
125,93.1765,93.7097
126,93.1765,93.7097
127,93.1765,93.7419
128,93.2941,93.7419
129,93.2941,93.8065
130,93.2941,93.8387
131,93.2941,93.9032
132,93.2941,93.9032
133,93.2941,93.9355
134,93.2941,94
135,93.5294,94
136,93.5294,94.0968
137,93.5294,94.0968
138,93.5294,94.0968
139,93.5294,94.1613
140,93.5294,94.1613
141,93.5294,94.1613
142,93.5294,94.129
143,93.5294,94.129
144,93.5294,94.129
145,93.5294,94.1613
146,93.5294,94.1935
147,93.6471,94.2258
148,93.6471,94.2258
149,93.6471,94.2903
150,93.6471,94.2903
151,93.7647,94.2903
152,93.7647,94.2581
153,93.7647,94.2581
154,93.7647,94.2581
155,93.7647,94.2581
156,93.7647,94.2903
157,93.8824,94.2903
158,93.8824,94.3548
159,94,94.3871
160,94,94.3548
161,94,94.3548
162,94,94.3871
163,93.8824,94.3871
164,93.8824,94.3871
165,93.8824,94.4194
166,93.8824,94.4194
167,93.8824,94.4516
168,93.8824,94.4516
169,94,94.4839
170,94,94.4839
171,94,94.5161
172,94,94.5484
173,94,94.5484
174,94,94.5806
175,94,94.5806
176,94,94.5806
177,94,94.6129
178,94,94.6129
179,94,94.6129
180,94,94.6452
181,94,94.6452
182,94,94.6452
183,94,94.6774
184,94,94.7097
185,94,94.7097
186,94,94.7097
187,94,94.6774
188,94,94.7097
189,94,94.7097
190,94,94.7419
191,94,94.8065
192,94,94.8387
193,94,94.8387
194,94,94.8387
195,94,94.8387
196,94,94.8387
197,94,94.871
198,94,94.9032
199,94,94.9032
200,94,94.9677
201,94,94.9677
202,94,94.9677
203,94.1176,94.9677
204,94.1176,94.9677
205,94.1176,94.9677
206,94.1176,94.9677
207,94.1176,94.9677
208,94.1176,94.9677
209,94.1176,95
210,94.1176,95
211,94.1176,95
212,94.2353,95
213,94.2353,95
214,94.2353,95
215,94.2353,95
216,94.2353,95
217,94.2353,95
218,94.2353,95
219,94.2353,95
220,94.2353,95.0323
221,94.2353,95.0968
222,94.2353,95.0968
223,94.2353,95.129
224,94.2353,95.129
225,94.2353,95.129
226,94.2353,95.1613
227,94.2353,95.1613
228,94.2353,95.1613
229,94.2353,95.2258
230,94.2353,95.2581
231,94.2353,95.2903
232,94.3529,95.2903
233,94.3529,95.2903
234,94.3529,95.3226
235,94.3529,95.3226
236,94.3529,95.3226
237,94.3529,95.3226
238,94.3529,95.3226
239,94.3529,95.3226
240,94.3529,95.3548
241,94.3529,95.3548
242,94.4706,95.3548
243,94.4706,95.3871
244,94.4706,95.3871
245,94.4706,95.3871
246,94.4706,95.4194
247,94.4706,95.4194
248,94.4706,95.4194
249,94.4706,95.4194
250,94.4706,95.3871
251,94.4706,95.3871
252,94.4706,95.4194
253,94.4706,95.4194
254,94.4706,95.4194
255,94.4706,95.4194
256,94.4706,95.4194
257,94.4706,95.4194
258,94.4706,95.4194
259,94.4706,95.4194
260,94.4706,95.4194
261,94.4706,95.4516
262,94.4706,95.4516
263,94.4706,95.4516
264,94.4706,95.4516
265,94.4706,95.4516
266,94.3529,95.4516
267,94.3529,95.4516
268,94.3529,95.4516
269,94.3529,95.4839
270,94.3529,95.4839
271,94.3529,95.5161
272,94.3529,95.5161
273,94.3529,95.5161
274,94.3529,95.5161
275,94.3529,95.5806
276,94.3529,95.5806
277,94.3529,95.5806
278,94.3529,95.5806
279,94.3529,95.5806
280,94.3529,95.5806
281,94.3529,95.5806
282,94.3529,95.5806
283,94.5882,95.5806
284,94.5882,95.5806
285,94.5882,95.5806
286,94.5882,95.5806
287,94.5882,95.5806
288,94.5882,95.5806
289,94.5882,95.6129
290,94.5882,95.6129
291,94.5882,95.6129
292,94.5882,95.6452
293,94.5882,95.6452
294,94.5882,95.6774
295,94.5882,95.7419
296,94.5882,95.7419
297,94.5882,95.7419
298,94.5882,95.7419
299,94.4706,95.7419
300,94.4706,95.7419
301,94.4706,95.7419
302,94.4706,95.7419
303,94.4706,95.7419
304,94.4706,95.7419
305,94.4706,95.7419
306,94.4706,95.7419
307,94.4706,95.7419
308,94.4706,95.7419
309,94.4706,95.7419
310,94.4706,95.7742
311,94.4706,95.7419
312,94.4706,95.7419
313,94.4706,95.7419
314,94.4706,95.7419
315,94.4706,95.7419
316,94.4706,95.7419
317,94.4706,95.7419
318,94.4706,95.7419
319,94.4706,95.7742
320,94.5882,95.7742
321,94.5882,95.7742
322,94.5882,95.7742
323,94.5882,95.7742
324,94.5882,95.7742
325,94.5882,95.7742
326,94.5882,95.7742
327,94.5882,95.7742
328,94.5882,95.7742
329,94.5882,95.7742
330,94.5882,95.8065
331,94.5882,95.8065
332,94.5882,95.8065
333,94.5882,95.8065
334,94.5882,95.8065
335,94.5882,95.8387
336,94.5882,95.8387
337,94.5882,95.8387
338,94.5882,95.8387
339,94.5882,95.8387
340,94.5882,95.871
341,94.5882,95.871
342,94.5882,95.871
343,94.5882,95.871
344,94.5882,95.871
345,94.5882,95.871
346,94.5882,95.871
347,94.5882,95.871
348,94.5882,95.871
349,94.5882,95.871
350,94.5882,95.871
351,94.5882,95.9032
352,94.5882,95.9032
353,94.5882,95.9032
354,94.5882,95.9032
355,94.5882,95.9032
356,94.5882,95.9355
357,94.5882,95.9355
358,94.5882,95.9355
359,94.5882,95.9355
360,94.5882,95.9355
361,94.5882,95.9355
362,94.5882,95.9355
363,94.5882,95.9032
364,94.5882,95.9032
365,94.5882,95.9032
366,94.5882,95.9032
367,94.5882,95.9032
368,94.5882,95.9032
369,94.5882,95.9032
370,94.5882,95.9032
371,94.5882,95.9032
372,94.5882,95.9032
373,94.5882,95.9032
374,94.5882,95.9032
375,94.5882,95.9032
376,94.5882,95.9032
377,94.5882,95.9032
378,94.4706,95.9032
379,94.4706,95.9032
380,94.4706,95.9355
381,94.5882,95.9355
382,94.5882,95.9355
383,94.5882,95.9355
384,94.5882,95.9032
385,94.7059,95.9032
386,94.7059,95.9032
387,94.7059,95.9032
388,94.7059,95.9032
389,94.7059,95.9032
390,94.7059,95.9355
391,94.7059,95.9355
392,94.7059,95.9355
393,94.7059,95.9355
394,94.7059,95.9355
395,94.7059,95.9355
396,94.7059,95.9355
397,94.7059,95.9355
398,94.7059,95.9355
399,94.7059,95.9355
400,94.7059,95.9355
401,94.7059,95.9355
402,94.7059,95.9355
403,94.7059,95.9355
404,94.7059,95.9355
405,94.7059,95.9355
406,94.7059,95.9355
407,94.7059,95.9355
408,94.7059,95.9355
409,94.7059,95.9355
410,94.7059,95.9355
411,94.7059,95.9355
412,94.7059,95.9355
413,94.7059,95.9355
414,94.7059,95.9355
415,94.7059,95.9355
416,94.7059,95.9355
417,94.7059,95.9355
418,94.7059,95.9355
419,94.7059,95.9355
420,94.7059,95.9355
421,94.7059,95.9355
422,94.7059,95.9355
423,94.7059,95.9355
424,94.7059,95.9355
425,94.7059,95.9355
426,94.7059,95.9355
427,94.7059,95.9677
428,94.7059,95.9677
429,94.7059,95.9677
430,94.7059,95.9677
431,94.7059,95.9677
432,94.7059,95.9677
433,94.7059,95.9677
434,94.7059,95.9677
435,94.7059,95.9677
436,94.7059,95.9677
437,94.7059,95.9677
438,94.7059,95.9677
439,94.7059,95.9677
440,94.7059,95.9677
441,94.7059,95.9677
442,94.7059,95.9677
443,94.7059,96
444,94.7059,96
445,94.7059,96
446,94.7059,96
447,94.7059,96
448,94.7059,96
449,94.7059,96
450,94.7059,96
451,94.7059,96
452,94.7059,96
453,94.7059,96
454,94.7059,96
455,94.7059,96
456,94.7059,96
457,94.7059,96
458,94.7059,96
459,94.7059,96
460,94.7059,96
461,94.7059,96
462,94.7059,96
463,94.7059,96
464,94.7059,96
465,94.7059,96
466,94.7059,96
467,94.7059,96
468,94.7059,96
469,94.7059,96
470,94.7059,96.0323
471,94.5882,96.0323
472,94.5882,96.0323
473,94.5882,96.0323
474,94.5882,96.0323
475,94.5882,96.0323
476,94.5882,96.0323
477,94.5882,96.0323
478,94.5882,96.0323
479,94.5882,96.0323
480,94.5882,96.0323
481,94.5882,96.0323
482,94.7059,96.0323
483,94.7059,96.0323
484,94.7059,96.0323
485,94.7059,96.0323
486,94.7059,96.0323
487,94.7059,96.0323
488,94.7059,96.0323
489,94.7059,96
490,94.7059,96
491,94.7059,96
492,94.7059,96
493,94.7059,96
494,94.7059,96.0323
495,94.7059,96.0323
496,94.7059,96.0323
497,94.7059,96.0323
498,94.8235,96.0323
499,94.8235,96.0323
500,94.8235,96.0323
501,94.8235,96.0323
502,94.8235,96.0323
503,94.8235,96.0645
504,94.8235,96.0645
505,94.8235,96.0645
506,94.8235,96.0645
507,94.9412,96.0645
508,94.9412,96.0645
509,94.9412,96.0645
510,94.9412,96.0645
511,94.9412,96.0645
512,94.9412,96.0645
513,94.9412,96.0645
514,94.9412,96.0645
515,94.9412,96.0645
516,94.9412,96.0645
517,94.9412,96.0645
518,94.9412,96.0645
519,94.9412,96.0645
520,94.9412,96.0645
521,94.9412,96.0645
522,94.9412,96.0645
523,94.9412,96.0645
524,94.9412,96.0645
525,94.9412,96.0645
526,94.9412,96.0645
527,94.9412,96.0645
528,94.9412,96.0645
529,94.9412,96.0968
530,94.9412,96.0968
531,94.9412,96.129
532,94.9412,96.129
533,94.9412,96.129
534,95.0588,96.129
535,95.0588,96.1935
536,95.0588,96.1935
537,95.0588,96.1935
538,95.0588,96.1935
539,95.0588,96.1935
540,95.0588,96.1935
541,95.1765,96.1935
542,95.1765,96.1935
543,95.1765,96.1935
544,95.1765,96.1935
545,95.1765,96.1935
546,95.1765,96.1935
547,95.1765,96.1935
548,95.1765,96.2258
549,95.1765,96.2581
550,95.1765,96.2258
551,95.1765,96.2258
552,95.1765,96.2258
553,95.1765,96.2258
554,95.1765,96.2258
555,95.1765,96.2258
556,95.1765,96.2258
557,95.1765,96.2258
558,95.1765,96.2258
559,95.1765,96.2258
560,95.1765,96.2258
561,95.1765,96.2258
562,95.1765,96.2258
563,95.1765,96.2581
564,95.1765,96.2581
565,95.1765,96.2581
566,95.1765,96.2581
567,95.1765,96.2581
568,95.1765,96.2581
569,95.1765,96.2581
570,95.1765,96.2581
571,95.1765,96.2581
572,95.1765,96.2581
573,95.1765,96.2581
574,95.1765,96.2581
575,95.1765,96.2581
576,95.1765,96.2581
577,95.1765,96.2903
578,95.1765,96.2903
579,95.1765,96.2903
580,95.1765,96.2903
581,95.1765,96.2903
582,95.1765,96.2903
583,95.1765,96.2903
584,95.1765,96.2903
585,95.1765,96.2903
586,95.1765,96.2903
587,95.1765,96.2903
588,95.1765,96.2903
589,95.1765,96.2903
590,95.1765,96.2903
591,95.1765,96.2903
592,95.1765,96.2903
593,95.1765,96.2903
594,95.1765,96.2903
595,95.1765,96.2903
596,95.1765,96.2903
597,95.1765,96.2903
598,95.1765,96.3226
599,95.1765,96.3226
600,95.1765,96.3226
601,95.1765,96.3226
602,95.1765,96.3226
603,95.1765,96.3226
604,95.1765,96.3226
605,95.1765,96.3226
606,95.1765,96.3226
607,95.1765,96.3548
608,95.1765,96.3548
609,95.1765,96.3548
610,95.1765,96.3548
611,95.1765,96.3871
612,95.1765,96.3871
613,95.1765,96.3871
614,95.1765,96.3871
615,95.1765,96.3871
616,95.1765,96.3871
617,95.1765,96.3871
618,95.1765,96.3871
619,95.1765,96.3871
620,95.1765,96.4194
621,95.1765,96.4194
622,95.1765,96.4194
623,95.1765,96.4194
624,95.1765,96.4516
625,95.1765,96.4516
626,95.1765,96.4516
627,95.1765,96.4516
628,95.1765,96.4516
629,95.1765,96.4516
630,95.1765,96.4516
631,95.1765,96.4516
632,95.1765,96.4516
633,95.1765,96.4516
634,95.1765,96.4516
635,95.1765,96.4839
636,95.1765,96.4839
637,95.1765,96.4839
638,95.1765,96.4839
639,95.1765,96.4839
640,95.1765,96.4839
641,95.1765,96.4839
642,95.2941,96.4839
643,95.2941,96.4839
644,95.2941,96.4839
645,95.2941,96.4839
646,95.2941,96.4839
647,95.2941,96.4839
648,95.2941,96.4839
649,95.2941,96.4839
650,95.2941,96.4839
651,95.2941,96.4839
652,95.2941,96.4839
653,95.2941,96.4839
654,95.2941,96.4839
655,95.2941,96.4839
656,95.2941,96.5161
657,95.2941,96.5484
658,95.2941,96.5484
659,95.2941,96.5484
660,95.2941,96.5484
661,95.2941,96.5484
662,95.2941,96.5484
663,95.2941,96.5484
664,95.2941,96.5484
665,95.2941,96.5484
666,95.2941,96.5484
667,95.2941,96.5806
668,95.2941,96.5806
669,95.2941,96.5806
670,95.2941,96.5806
671,95.2941,96.6129
672,95.2941,96.6129
673,95.2941,96.6129
674,95.2941,96.6129
675,95.2941,96.6129
676,95.2941,96.6129
677,95.2941,96.6129
678,95.2941,96.6129
679,95.2941,96.6129
680,95.2941,96.6129
681,95.2941,96.6129
682,95.2941,96.6129
683,95.2941,96.6129
684,95.2941,96.6129
685,95.2941,96.6129
686,95.2941,96.6129
687,95.2941,96.6129
688,95.2941,96.6129
689,95.2941,96.6129
690,95.2941,96.6129
691,95.2941,96.6129
692,95.2941,96.6452
693,95.2941,96.6452
694,95.2941,96.6452
695,95.2941,96.6452
696,95.2941,96.6452
697,95.2941,96.6452
698,95.2941,96.6452
699,95.2941,96.6452
700,95.1765,96.6452
701,95.1765,96.6452
702,95.1765,96.6452
703,95.1765,96.6452
704,95.1765,96.6452
705,95.1765,96.6452
706,95.1765,96.6452
707,95.1765,96.6452
708,95.1765,96.6452
709,95.1765,96.6452
710,95.1765,96.6452
711,95.1765,96.6452
712,95.1765,96.6452
713,95.1765,96.6452
714,95.1765,96.6452
715,95.1765,96.6452
716,95.1765,96.6452
717,95.1765,96.6452
718,95.1765,96.6452
719,95.1765,96.6452
720,95.1765,96.6452
721,95.1765,96.6452
722,95.1765,96.6774
723,95.1765,96.6774
724,95.1765,96.6774
725,95.1765,96.6774
726,95.1765,96.6774
727,95.1765,96.6774
728,95.1765,96.6774
729,95.1765,96.6774
730,95.1765,96.6774
731,95.1765,96.6774
732,95.1765,96.6774
733,95.1765,96.6774
734,95.1765,96.6774
735,95.1765,96.6774
736,95.1765,96.6774
737,95.1765,96.6774
738,95.1765,96.6774
739,95.1765,96.6774
740,95.1765,96.6774
741,95.1765,96.6774
742,95.1765,96.6774
743,95.1765,96.6774
744,95.1765,96.6774
745,95.1765,96.6774
746,95.0588,96.6774
747,95.0588,96.7097
748,95.0588,96.7097
749,95.0588,96.7419
750,95.1765,96.7419
751,95.1765,96.7419
752,95.1765,96.7419
753,95.1765,96.7419
754,95.1765,96.7419
755,95.1765,96.7419
756,95.1765,96.7419
757,95.1765,96.7419
758,95.1765,96.7419
759,95.1765,96.7419
760,95.1765,96.7419
761,95.1765,96.7419
762,95.1765,96.7419
763,95.1765,96.7419
764,95.1765,96.7419
765,95.1765,96.7419
766,95.1765,96.7419
767,95.1765,96.7419
768,95.1765,96.7419
769,95.1765,96.7419
770,95.1765,96.7419
771,95.1765,96.7419
772,95.1765,96.7419
773,95.1765,96.7419
774,95.1765,96.7419
775,95.1765,96.7419
776,95.1765,96.7419
777,95.1765,96.7419
778,95.1765,96.7419
779,95.1765,96.7419
780,95.1765,96.7419
781,95.1765,96.7419
782,95.1765,96.7419
783,95.1765,96.7419
784,95.1765,96.7419
785,95.1765,96.7419
786,95.1765,96.7419
787,95.1765,96.7419
788,95.1765,96.7419
789,95.1765,96.7419
790,95.1765,96.7419
791,95.1765,96.7419
792,95.1765,96.7419
793,95.1765,96.7419
794,95.1765,96.7419
795,95.1765,96.7742
796,95.1765,96.7742
797,95.1765,96.7742
798,95.1765,96.7742
799,95.1765,96.7742
800,95.1765,96.7742
801,95.1765,96.7742
802,95.1765,96.7742
803,95.1765,96.7742
804,95.1765,96.8065
805,95.1765,96.8065
806,95.1765,96.8065
807,95.1765,96.8065
808,95.1765,96.8065
809,95.1765,96.8065
810,95.1765,96.8065
811,95.1765,96.8065
812,95.1765,96.8065
813,95.1765,96.8065
814,95.1765,96.8387
815,95.1765,96.8387
816,95.1765,96.8387
817,95.1765,96.8387
818,95.1765,96.8387
819,95.1765,96.8387
820,95.1765,96.8387
821,95.1765,96.8387
822,95.1765,96.8387
823,95.1765,96.871
824,95.1765,96.871
825,95.1765,96.871
826,95.1765,96.871
827,95.1765,96.871
828,95.1765,96.871
829,95.1765,96.871
830,95.1765,96.871
831,95.1765,96.8387
832,95.1765,96.8387
833,95.1765,96.8387
834,95.1765,96.8387
835,95.1765,96.8387
836,95.1765,96.8387
837,95.1765,96.8387
838,95.1765,96.8387
839,95.1765,96.8387
840,95.1765,96.8387
841,95.1765,96.8387
842,95.1765,96.8387
843,95.1765,96.8387
844,95.1765,96.8065
845,95.1765,96.8065
846,95.1765,96.8065
847,95.1765,96.8065
848,95.1765,96.8065
849,95.1765,96.8065
850,95.1765,96.8065
851,95.1765,96.8065
852,95.1765,96.8065
853,95.1765,96.8065
854,95.1765,96.8065
855,95.1765,96.8065
856,95.1765,96.8065
857,95.1765,96.8065
858,95.1765,96.8065
859,95.1765,96.8065
860,95.1765,96.8065
861,95.1765,96.8065
862,95.1765,96.8065
863,95.1765,96.8065
864,95.1765,96.7742
865,95.1765,96.7742
866,95.1765,96.7742
867,95.1765,96.7742
868,95.1765,96.7742
869,95.1765,96.7742
870,95.1765,96.7742
871,95.1765,96.7742
872,95.1765,96.7742
873,95.1765,96.8065
874,95.1765,96.8065
875,95.0588,96.8065
876,95.0588,96.8065
877,95.0588,96.8065
878,95.0588,96.8065
879,95.0588,96.8065
880,95.0588,96.8065
881,95.0588,96.8065
882,95.0588,96.8065
883,95.0588,96.8065
884,95.0588,96.8065
885,95.0588,96.8065
886,95.0588,96.8065
887,95.0588,96.8065
888,95.0588,96.8065
889,95.0588,96.8065
890,95.0588,96.8065
891,95.0588,96.8065
892,95.0588,96.8065
893,95.0588,96.8065
894,95.0588,96.8065
895,95.0588,96.8065
896,95.0588,96.8065
897,95.0588,96.8065
898,95.0588,96.8065
899,95.0588,96.8065
900,95.0588,96.8065
901,95.0588,96.8065
902,95.0588,96.8065
903,95.0588,96.8065
904,95.0588,96.8065
905,95.0588,96.8065
906,95.0588,96.8065
907,95.0588,96.8065
908,95.0588,96.8065
909,95.0588,96.8065
910,95.0588,96.8065
911,95.0588,96.8065
912,95.0588,96.8065
913,95.0588,96.8065
914,95.0588,96.8065
915,95.0588,96.8065
916,95.0588,96.8065
917,95.0588,96.8065
918,95.0588,96.8065
919,95.0588,96.8065
920,95.0588,96.8065
921,95.0588,96.8065
922,95.0588,96.8065
923,95.0588,96.8065
924,95.0588,96.8065
925,95.0588,96.8065
926,95.0588,96.8065
927,95.0588,96.8065
928,95.0588,96.8065
929,95.0588,96.8065
930,95.0588,96.8065
931,95.0588,96.8065
932,95.0588,96.8065
933,95.0588,96.8065
934,95.0588,96.8065
935,95.0588,96.8065
936,95.0588,96.8065
937,95.0588,96.8387
938,95.0588,96.8387
939,95.0588,96.8387
940,95.0588,96.8387
941,95.0588,96.8387
942,95.0588,96.8387
943,95.0588,96.8387
944,95.0588,96.8387
945,95.0588,96.8387
946,95.0588,96.8387
947,95.0588,96.8387
948,95.0588,96.8387
949,95.0588,96.8387
950,95.0588,96.8387
951,95.0588,96.8387
952,95.0588,96.871
953,95.0588,96.871
954,95.0588,96.871
955,95.0588,96.871
956,95.0588,96.871
957,95.0588,96.9032
958,95.0588,96.9032
959,95.0588,96.9032
960,95.0588,96.9032
961,95.0588,96.9032
962,95.0588,96.9032
963,95.0588,96.9032
964,95.0588,96.9355
965,95.0588,96.9355
966,95.0588,96.9355
967,95.0588,96.9355
968,95.0588,96.9355
969,95.0588,96.9355
970,95.0588,96.9355
971,95.0588,96.9355
972,95.0588,96.9355
973,95.0588,96.9355
974,95.0588,96.9355
975,95.0588,96.9355
976,95.0588,96.9355
977,95.0588,96.9355
978,95.0588,96.9355
979,95.0588,96.9355
980,95.0588,96.9355
981,95.0588,96.9355
982,95.0588,96.9355
983,95.0588,96.9355
984,95.0588,96.9355
985,95.0588,96.9355
986,95.0588,96.9355
987,95.0588,96.9355
988,95.0588,96.9355
989,95.0588,96.9355
990,95.0588,96.9355
991,95.0588,96.9355
992,95.0588,96.9355
993,95.0588,96.9355
994,95.0588,96.9355
995,95.0588,96.9355
996,95.0588,96.9355
997,95.0588,96.9355
998,95.0588,96.9355
999,95.0588,96.9355
1000,95.0588,96.9355
1001,95.0588,96.9355
1002,95.0588,96.9355
1003,95.0588,96.9355
1004,95.0588,96.9355
1005,95.0588,96.9355
1006,95.0588,96.9032
1007,95.0588,96.9032
1008,95.0588,96.9032
1009,95.0588,96.9032
1010,95.0588,96.9032
1011,95.0588,96.9032
1012,95.0588,96.9032
1013,95.0588,96.9032
1014,95.0588,96.9032
1015,95.0588,96.9032
1016,95.0588,96.9032
1017,95.0588,96.9032
1018,95.0588,96.9032
1019,95.0588,96.9032
1020,95.0588,96.9032
1021,95.0588,96.9032
1022,95.0588,96.9032
1023,95.0588,96.9032
1024,95.0588,96.9032
1025,95.0588,96.9032
1026,95.0588,96.9032
1027,95.0588,96.9032
1028,95.0588,96.9032
1029,95.0588,96.9032
1030,95.0588,96.9032
1031,95.0588,96.9032
1032,95.0588,96.9032
1033,95.0588,96.9032
1034,95.0588,96.9032
1035,95.0588,96.9032
1036,95.0588,96.9032
1037,95.0588,96.9032
1038,95.0588,96.9032
1039,95.0588,96.9032
1040,95.0588,96.9032
1041,95.0588,96.9032
1042,95.0588,96.9032
1043,95.0588,96.9032
1044,95.0588,96.9032
1045,95.0588,96.9032
1046,95.0588,96.9032
1047,95.0588,96.9032
1048,95.0588,96.9032
1049,95.0588,96.9032
1050,95.0588,96.9032
1051,95.0588,96.9032
1052,95.0588,96.9032
1053,95.0588,96.9032
1054,95.0588,96.9355
1055,95.0588,96.9355
1056,95.0588,96.9355
1057,95.0588,96.9355
1058,95.0588,96.9355
1059,95.0588,96.9355
1060,95.0588,96.9355
1061,95.0588,96.9355
1062,95.0588,96.9355
1063,95.0588,96.9355
1064,95.0588,96.9355
1065,95.0588,96.9355
1066,95.0588,96.9355
1067,95.0588,96.9355
1068,95.0588,96.9355
1069,95.0588,96.9355
1070,95.0588,96.9355
1071,95.0588,96.9355
1072,95.0588,96.9355
1073,95.0588,96.9355
1074,95.0588,96.9355
1075,95.0588,96.9355
1076,95.0588,96.9355
1077,95.0588,96.9355
1078,95.0588,96.9677
1079,95.0588,96.9677
1080,95.0588,96.9677
1081,95.0588,96.9677
1082,95.0588,96.9677
1083,95.0588,96.9677
1084,95.0588,96.9677
1085,95.0588,96.9677
1086,95.0588,96.9677
1087,95.0588,96.9677
1088,95.0588,96.9677
1089,95.0588,96.9677
1090,95.0588,96.9677
1091,95.0588,96.9677
1092,95.0588,96.9677
1093,95.0588,96.9677
1094,95.0588,96.9677
1095,95.0588,96.9677
1096,95.0588,96.9677
1097,95.0588,96.9677
1098,95.0588,96.9677
1099,95.0588,96.9677
1100,95.0588,96.9677
1101,95.0588,96.9677
1102,95.0588,96.9677
1103,95.0588,96.9677
1104,95.1765,96.9677
1105,95.1765,96.9677
1106,95.1765,96.9677
1107,95.1765,96.9677
1108,95.1765,96.9677
1109,95.1765,96.9677
1110,95.2941,96.9677
1111,95.2941,96.9677
1112,95.2941,96.9677
1113,95.2941,96.9677
1114,95.2941,96.9677
1115,95.2941,96.9677
1116,95.2941,96.9677
1117,95.2941,96.9677
1118,95.2941,96.9677
1119,95.2941,96.9677
1120,95.2941,96.9677
1121,95.2941,96.9677
1122,95.2941,96.9677
1123,95.2941,96.9677
1124,95.2941,96.9677
1125,95.2941,96.9677
1126,95.2941,96.9677
1127,95.2941,96.9677
1128,95.2941,96.9677
1129,95.2941,96.9677
1130,95.2941,96.9677
1131,95.2941,96.9677
1132,95.2941,96.9677
1133,95.2941,96.9677
1134,95.2941,96.9677
1135,95.2941,96.9677
1136,95.2941,96.9677
1137,95.2941,96.9677
1138,95.2941,96.9677
1139,95.2941,97
1140,95.2941,97
1141,95.2941,97
1142,95.2941,97
1143,95.2941,97
1144,95.2941,97
1145,95.2941,97
1146,95.2941,97
1147,95.2941,97
1148,95.2941,97
1149,95.2941,97
1150,95.2941,97
1151,95.2941,97
1152,95.2941,97
1153,95.2941,97
1154,95.2941,97
1155,95.2941,97
1156,95.2941,97
1157,95.2941,97
1158,95.2941,97
1159,95.2941,97
1160,95.2941,97
1161,95.2941,97
1162,95.2941,97
1163,95.2941,97
1164,95.2941,97
1165,95.2941,97
1166,95.2941,97
1167,95.2941,97
1168,95.2941,97
1169,95.2941,97
1170,95.2941,97
1171,95.2941,97
1172,95.2941,97
1173,95.2941,97
1174,95.2941,97
1175,95.2941,97
1176,95.2941,97
1177,95.2941,97
1178,95.2941,97
1179,95.2941,97
1180,95.2941,97
1181,95.2941,97
1182,95.2941,97
1183,95.2941,97
1184,95.2941,97
1185,95.2941,97
1186,95.2941,97
1187,95.2941,97
1188,95.2941,97
1189,95.2941,97
1190,95.2941,97
1191,95.2941,97
1192,95.2941,97
1193,95.2941,97
1194,95.2941,97
1195,95.2941,97
1196,95.2941,97
1197,95.2941,97
1198,95.2941,97
1199,95.2941,97
1200,95.2941,97
1201,95.2941,97
1202,95.2941,97
1203,95.2941,97
1204,95.2941,97
1205,95.2941,97
1206,95.2941,97
1207,95.2941,97
1208,95.2941,97
1209,95.2941,97
1210,95.2941,97
1211,95.2941,97
1212,95.2941,97
1213,95.2941,97
1214,95.2941,97
1215,95.2941,97
1216,95.2941,97
1217,95.2941,97
1218,95.2941,97
1219,95.2941,97
1220,95.2941,97
1221,95.2941,97
1222,95.2941,97
1223,95.2941,97
1224,95.2941,97
1225,95.2941,97
1226,95.2941,97
1227,95.2941,97
1228,95.2941,97.0323
1229,95.2941,97.0323
1230,95.2941,97.0323
1231,95.2941,97.0323
1232,95.2941,97.0323
1233,95.2941,97.0323
1234,95.2941,97.0323
1235,95.2941,97.0323
1236,95.2941,97.0323
1237,95.2941,97.0323
1238,95.2941,97.0323
1239,95.2941,97.0323
1240,95.2941,97.0323
1241,95.2941,97.0323
1242,95.2941,97.0323
1243,95.2941,97.0323
1244,95.2941,97.0323
1245,95.2941,97.0323
1246,95.2941,97.0323
1247,95.2941,97.0323
1248,95.2941,97.0323
1249,95.2941,97.0323
1250,95.2941,97.0323
1251,95.2941,97.0323
1252,95.2941,97.0323
1253,95.2941,97.0645
1254,95.2941,97.0645
1255,95.2941,97.0645
1256,95.2941,97.0645
1257,95.2941,97.0645
1258,95.2941,97.0645
1259,95.2941,97.0645
1260,95.2941,97.0645
1261,95.2941,97.0645
1262,95.2941,97.0645
1263,95.2941,97.0645
1264,95.2941,97.0645
1265,95.2941,97.0645
1266,95.2941,97.0645
1267,95.2941,97.0645
1268,95.2941,97.0645
1269,95.2941,97.0645
1270,95.2941,97.0645
1271,95.2941,97.0645
1272,95.2941,97.0645
1273,95.2941,97.0645
1274,95.2941,97.0645
1275,95.2941,97.0645
1276,95.2941,97.0645
1277,95.2941,97.0645
1278,95.2941,97.0645
1279,95.2941,97.0645
1280,95.2941,97.0645
1281,95.2941,97.0645
1282,95.2941,97.0645
1283,95.2941,97.0645
1284,95.2941,97.0645
1285,95.2941,97.0645
1286,95.2941,97.0645
1287,95.2941,97.0645
1288,95.2941,97.0645
1289,95.2941,97.0645
1290,95.2941,97.0645
1291,95.2941,97.0645
1292,95.2941,97.0645
1293,95.2941,97.0645
1294,95.2941,97.0645
1295,95.2941,97.0645
1296,95.2941,97.0645
1297,95.2941,97.0645
1298,95.2941,97.0645
1299,95.2941,97.0645
1300,95.2941,97.0645
1301,95.2941,97.0645
1302,95.2941,97.0645
1303,95.2941,97.0645
1304,95.2941,97.0645
1305,95.2941,97.0645
1306,95.2941,97.0645
1307,95.2941,97.0645
1308,95.2941,97.0645
1309,95.2941,97.0645
1310,95.2941,97.0645
1311,95.2941,97.0645
1312,95.2941,97.0645
1313,95.2941,97.0645
1314,95.2941,97.0645
1315,95.2941,97.0645
1316,95.2941,97.0645
1317,95.2941,97.0645
1318,95.2941,97.0645
1319,95.2941,97.0645
1320,95.2941,97.0645
1321,95.2941,97.0645
1322,95.2941,97.0645
1323,95.2941,97.0645
1324,95.2941,97.0645
1325,95.2941,97.0645
1326,95.2941,97.0645
1327,95.2941,97.0645
1328,95.2941,97.0645
1329,95.2941,97.0645
1330,95.2941,97.0645
1331,95.2941,97.0968
1332,95.2941,97.0968
1333,95.2941,97.0968
1334,95.2941,97.0968
1335,95.2941,97.0968
1336,95.2941,97.0968
1337,95.2941,97.0968
1338,95.2941,97.0968
1339,95.2941,97.0968
1340,95.2941,97.0968
1341,95.2941,97.0968
1342,95.2941,97.0968
1343,95.2941,97.0968
1344,95.2941,97.0968
1345,95.2941,97.0968
1346,95.2941,97.0968
1347,95.2941,97.0968
1348,95.2941,97.0968
1349,95.2941,97.0968
1350,95.2941,97.0968
1351,95.2941,97.0968
1352,95.2941,97.0968
1353,95.2941,97.0968
1354,95.2941,97.0968
1355,95.2941,97.0968
1356,95.2941,97.0968
1357,95.2941,97.0968
1358,95.2941,97.0968
1359,95.2941,97.0968
1360,95.2941,97.0968
1361,95.2941,97.0968
1362,95.2941,97.0968
1363,95.2941,97.0968
1364,95.2941,97.0968
1365,95.2941,97.0968
1366,95.2941,97.0968
1367,95.2941,97.0968
1368,95.2941,97.0968
1369,95.2941,97.0968
1370,95.2941,97.0968
1371,95.2941,97.0968
1372,95.2941,97.0968
1373,95.2941,97.0968
1374,95.2941,97.0968
1375,95.2941,97.0968
1376,95.2941,97.0968
1377,95.2941,97.0968
1378,95.2941,97.0968
1379,95.2941,97.0968
1380,95.2941,97.0968
1381,95.2941,97.0968
1382,95.2941,97.0968
1383,95.2941,97.0968
1384,95.2941,97.0968
1385,95.2941,97.0968
1386,95.2941,97.0968
1387,95.2941,97.129
1388,95.2941,97.129
1389,95.2941,97.129
1390,95.2941,97.129
1391,95.2941,97.129
1392,95.2941,97.129
1393,95.2941,97.129
1394,95.2941,97.129
1395,95.2941,97.129
1396,95.2941,97.129
1397,95.2941,97.129
1398,95.2941,97.129
1399,95.4118,97.129
1400,95.4118,97.129
1401,95.4118,97.129
1402,95.4118,97.129
1403,95.4118,97.129
1404,95.4118,97.129
1405,95.4118,97.129
1406,95.4118,97.129
1407,95.4118,97.129
1408,95.4118,97.129
1409,95.4118,97.129
1410,95.4118,97.129
1411,95.4118,97.129
1412,95.4118,97.129
1413,95.4118,97.129
1414,95.4118,97.129
1415,95.4118,97.129
1416,95.4118,97.129
1417,95.4118,97.129
1418,95.4118,97.129
1419,95.4118,97.129
1420,95.4118,97.129
1421,95.4118,97.129
1422,95.4118,97.129
1423,95.4118,97.129
1424,95.4118,97.129
1425,95.4118,97.129
1426,95.4118,97.129
1427,95.4118,97.129
1428,95.4118,97.129
1429,95.4118,97.129
1430,95.4118,97.129
1431,95.4118,97.1613
1432,95.4118,97.1613
1433,95.4118,97.1613
1434,95.4118,97.1613
1435,95.4118,97.1613
1436,95.4118,97.1613
1437,95.4118,97.1613
1438,95.4118,97.1613
1439,95.4118,97.1613
1440,95.4118,97.1613
1441,95.4118,97.1613
1442,95.4118,97.1613
1443,95.4118,97.1613
1444,95.4118,97.1613
1445,95.4118,97.1613
1446,95.4118,97.1613
1447,95.4118,97.1613
1448,95.4118,97.1935
1449,95.4118,97.1935
1450,95.4118,97.1935
1451,95.4118,97.1935
1452,95.4118,97.1935
1453,95.4118,97.1935
1454,95.4118,97.1935
1455,95.4118,97.1935
1456,95.4118,97.1935
1457,95.4118,97.1935
1458,95.4118,97.1935
1459,95.4118,97.1935
1460,95.4118,97.1935
1461,95.4118,97.1935
1462,95.4118,97.1935
1463,95.4118,97.1935
1464,95.4118,97.1935
1465,95.4118,97.1935
1466,95.4118,97.1935
1467,95.4118,97.1935
1468,95.4118,97.1935
1469,95.4118,97.1935
1470,95.4118,97.1935
1471,95.4118,97.1935
1472,95.4118,97.1935
1473,95.4118,97.1935
1474,95.4118,97.1935
1475,95.4118,97.1935
1476,95.4118,97.1935
1477,95.4118,97.1935
1478,95.4118,97.1935
1479,95.4118,97.1935
1480,95.4118,97.1935
1481,95.4118,97.1935
1482,95.4118,97.1935
1483,95.4118,97.1935
1484,95.4118,97.1935
1485,95.4118,97.1935
1486,95.4118,97.1935
1487,95.4118,97.1935
1488,95.4118,97.1935
1489,95.4118,97.1935
1490,95.4118,97.1935
1491,95.4118,97.1935
1492,95.4118,97.1935
1493,95.4118,97.1935
1494,95.4118,97.1935
1495,95.4118,97.1935
1496,95.4118,97.1935
1497,95.4118,97.1935
1498,95.4118,97.1935
1499,95.4118,97.1935
1500,95.4118,97.1935
1501,95.4118,97.2258
1502,95.4118,97.2258
1503,95.4118,97.2258
1504,95.4118,97.2258
1505,95.4118,97.2258
1506,95.4118,97.2258
1507,95.4118,97.2258
1508,95.4118,97.2258
1509,95.4118,97.2258
1510,95.4118,97.2258
1511,95.4118,97.2258
1512,95.4118,97.2258
1513,95.4118,97.2258
1514,95.4118,97.2258
1515,95.4118,97.2258
1516,95.4118,97.2258
1517,95.4118,97.2258
1518,95.4118,97.2258
1519,95.4118,97.2258
1520,95.4118,97.2258
1521,95.4118,97.2258
1522,95.4118,97.2258
1523,95.4118,97.2581
1524,95.4118,97.2581
1525,95.4118,97.2581
1526,95.4118,97.2581
1527,95.4118,97.2581
1528,95.4118,97.2581
1529,95.4118,97.2581
1530,95.4118,97.2581
1531,95.4118,97.2581
1532,95.4118,97.2581
1533,95.4118,97.2581
1534,95.4118,97.2581
1535,95.4118,97.2581
1536,95.4118,97.2581
1537,95.4118,97.2581
1538,95.4118,97.2581
1539,95.4118,97.2581
1540,95.4118,97.2581
1541,95.4118,97.2581
1542,95.4118,97.2581
1543,95.4118,97.2903
1544,95.4118,97.2903
1545,95.4118,97.2903
1546,95.4118,97.2903
1547,95.4118,97.2903
1548,95.4118,97.2903
1549,95.4118,97.2903
1550,95.4118,97.2903
1551,95.4118,97.3226
1552,95.4118,97.3226
1553,95.4118,97.3226
1554,95.4118,97.3226
1555,95.4118,97.3226
1556,95.4118,97.3226
1557,95.4118,97.3226
1558,95.4118,97.3226
1559,95.4118,97.3226
1560,95.4118,97.3226
1561,95.4118,97.3226
1562,95.4118,97.3226
1563,95.4118,97.3226
1564,95.4118,97.3226
1565,95.4118,97.3226
1566,95.4118,97.3226
1567,95.4118,97.3226
1568,95.4118,97.3226
1569,95.4118,97.3226
1570,95.4118,97.3226
1571,95.4118,97.3226
1572,95.4118,97.3226
1573,95.4118,97.3226
1574,95.4118,97.3226
1575,95.4118,97.3226
1576,95.4118,97.3226
1577,95.4118,97.3226
1578,95.4118,97.3226
1579,95.4118,97.3226
1580,95.4118,97.3226
1581,95.4118,97.3226
1582,95.4118,97.3226
1583,95.5294,97.3226
1584,95.5294,97.3226
1585,95.5294,97.3226
1586,95.5294,97.3226
1587,95.5294,97.3226
1588,95.5294,97.3226
1589,95.5294,97.3226
1590,95.5294,97.3226
1591,95.5294,97.3226
1592,95.5294,97.3226
1593,95.5294,97.3226
1594,95.5294,97.3548
1595,95.5294,97.3548
1596,95.5294,97.3548
1597,95.5294,97.3548
1598,95.5294,97.3548
1599,95.5294,97.3548
1600,95.5294,97.3548
1601,95.5294,97.3548
1602,95.5294,97.3548
1603,95.5294,97.3548
1604,95.5294,97.3548
1605,95.5294,97.3548
1606,95.5294,97.3548
1607,95.5294,97.3226
1608,95.5294,97.3226
1609,95.5294,97.3226
1610,95.5294,97.3226
1611,95.5294,97.3226
1612,95.5294,97.3226
1613,95.5294,97.3226
1614,95.5294,97.3226
1615,95.5294,97.3226
1616,95.5294,97.3226
1617,95.5294,97.3226
1618,95.5294,97.3226
1619,95.5294,97.3226
1620,95.5294,97.3226
1621,95.5294,97.3226
1622,95.5294,97.3226
1623,95.5294,97.3226
1624,95.5294,97.3226
1625,95.5294,97.3226
1626,95.5294,97.3226
1627,95.5294,97.3226
1628,95.5294,97.3226
1629,95.5294,97.3226
1630,95.5294,97.3226
1631,95.5294,97.3226
1632,95.5294,97.3226
1633,95.5294,97.3226
1634,95.5294,97.3226
1635,95.5294,97.3226
1636,95.5294,97.3226
1637,95.5294,97.3226
1638,95.5294,97.3226
1639,95.5294,97.3226
1640,95.5294,97.3226
1641,95.5294,97.3226
1642,95.5294,97.3226
1643,95.5294,97.3226
1644,95.5294,97.3226
1645,95.5294,97.3226
1646,95.5294,97.3226
1647,95.5294,97.3226
1648,95.5294,97.3226
1649,95.5294,97.3226
1650,95.5294,97.3226
1651,95.5294,97.3226
1652,95.5294,97.3226
1653,95.5294,97.3226
1654,95.5294,97.3226
1655,95.5294,97.3548
1656,95.5294,97.3548
1657,95.5294,97.3548
1658,95.5294,97.3548
1659,95.5294,97.3548
1660,95.5294,97.3548
1661,95.5294,97.3548
1662,95.5294,97.3548
1663,95.5294,97.3548
1664,95.5294,97.3548
1665,95.5294,97.3548
1666,95.5294,97.3548
1667,95.5294,97.3548
1668,95.5294,97.3548
1669,95.5294,97.3871
1670,95.5294,97.3871
1671,95.5294,97.3871
1672,95.5294,97.3871
1673,95.5294,97.3871
1674,95.5294,97.3871
1675,95.5294,97.4194
1676,95.5294,97.4194
1677,95.5294,97.4194
1678,95.5294,97.4194
1679,95.5294,97.4194
1680,95.5294,97.4194
1681,95.5294,97.4194
1682,95.5294,97.4194
1683,95.5294,97.4194
1684,95.5294,97.4194
1685,95.5294,97.4194
1686,95.5294,97.4194
1687,95.5294,97.4194
1688,95.5294,97.4194
1689,95.5294,97.4194
1690,95.5294,97.4194
1691,95.5294,97.4194
1692,95.5294,97.4194
1693,95.5294,97.4194
1694,95.5294,97.4194
1695,95.5294,97.4194
1696,95.5294,97.4194
1697,95.5294,97.4194
1698,95.5294,97.4194
1699,95.5294,97.4194
1700,95.5294,97.4194
1701,95.5294,97.4194
1702,95.5294,97.4194
1703,95.5294,97.4194
1704,95.5294,97.4194
1705,95.5294,97.4194
1706,95.5294,97.4194
1707,95.5294,97.4194
1708,95.5294,97.4516
1709,95.5294,97.4516
1710,95.5294,97.4516
1711,95.5294,97.4516
1712,95.5294,97.4839
1713,95.5294,97.4839
1714,95.5294,97.4839
1715,95.5294,97.4839
1716,95.5294,97.4839
1717,95.5294,97.4839
1718,95.5294,97.4839
1719,95.5294,97.4839
1720,95.5294,97.4839
1721,95.5294,97.4839
1722,95.5294,97.4839
1723,95.5294,97.4839
1724,95.5294,97.4839
1725,95.5294,97.4839
1726,95.5294,97.4839
1727,95.5294,97.4839
1728,95.5294,97.4839
1729,95.5294,97.4839
1730,95.5294,97.4839
1731,95.5294,97.4839
1732,95.5294,97.4839
1733,95.5294,97.4839
1734,95.5294,97.4839
1735,95.5294,97.4839
1736,95.5294,97.4839
1737,95.5294,97.4839
1738,95.5294,97.4839
1739,95.5294,97.4839
1740,95.5294,97.4839
1741,95.5294,97.4839
1742,95.5294,97.4839
1743,95.5294,97.4839
1744,95.5294,97.4839
1745,95.5294,97.4839
1746,95.5294,97.4839
1747,95.5294,97.4839
1748,95.5294,97.4839
1749,95.5294,97.4839
1750,95.5294,97.4839
1751,95.5294,97.4839
1752,95.5294,97.4839
1753,95.5294,97.4839
1754,95.5294,97.4839
1755,95.5294,97.4839
1756,95.5294,97.4839
1757,95.5294,97.5161
1758,95.5294,97.5161
1759,95.5294,97.5161
1760,95.5294,97.5161
1761,95.5294,97.5161
1762,95.5294,97.5161
1763,95.5294,97.5161
1764,95.5294,97.5161
1765,95.5294,97.5484
1766,95.5294,97.5484
1767,95.5294,97.5484
1768,95.5294,97.5484
1769,95.5294,97.5484
1770,95.5294,97.5484
1771,95.4118,97.5484
1772,95.4118,97.5484
1773,95.4118,97.5484
1774,95.4118,97.5484
1775,95.4118,97.5484
1776,95.4118,97.5484
1777,95.4118,97.5484
1778,95.4118,97.5484
1779,95.4118,97.5484
1780,95.4118,97.5484
1781,95.4118,97.5484
1782,95.4118,97.5484
1783,95.4118,97.5484
1784,95.4118,97.5484
1785,95.4118,97.5484
1786,95.4118,97.5484
1787,95.4118,97.5484
1788,95.4118,97.5484
1789,95.4118,97.5484
1790,95.4118,97.5484
1791,95.4118,97.5484
1792,95.4118,97.5484
1793,95.4118,97.5484
1794,95.4118,97.5484
1795,95.4118,97.5484
1796,95.4118,97.5484
1797,95.4118,97.5806
1798,95.4118,97.5806
1799,95.4118,97.5806
1800,95.4118,97.5806
1801,95.4118,97.5806
1802,95.4118,97.5806
1803,95.4118,97.5806
1804,95.4118,97.5806
1805,95.4118,97.5806
1806,95.4118,97.5806
1807,95.4118,97.5806
1808,95.4118,97.5806
1809,95.4118,97.5806
1810,95.4118,97.5806
1811,95.4118,97.5806
1812,95.4118,97.5806
1813,95.4118,97.5806
1814,95.4118,97.5806
1815,95.4118,97.5806
1816,95.4118,97.5806
1817,95.4118,97.5806
1818,95.4118,97.5806
1819,95.4118,97.5806
1820,95.4118,97.5806
1821,95.4118,97.5806
1822,95.4118,97.5806
1823,95.4118,97.5806
1824,95.4118,97.5806
1825,95.4118,97.5806
1826,95.4118,97.5806
1827,95.4118,97.5806
1828,95.4118,97.5806
1829,95.4118,97.5806
1830,95.4118,97.5806
1831,95.4118,97.5806
1832,95.4118,97.5806
1833,95.4118,97.5806
1834,95.4118,97.5806
1835,95.4118,97.5806
1836,95.4118,97.5806
1837,95.4118,97.5806
1838,95.4118,97.5806
1839,95.4118,97.5806
1840,95.4118,97.5806
1841,95.4118,97.5806
1842,95.4118,97.5806
1843,95.4118,97.5806
1844,95.4118,97.5806
1845,95.4118,97.5806
1846,95.4118,97.5806
1847,95.4118,97.5806
1848,95.4118,97.5806
1849,95.4118,97.5806
1850,95.4118,97.5806
1851,95.4118,97.5806
1852,95.4118,97.5806
1853,95.4118,97.5806
1854,95.4118,97.5806
1855,95.4118,97.5806
1856,95.4118,97.5806
1857,95.4118,97.5806
1858,95.4118,97.5806
1859,95.4118,97.5806
1860,95.4118,97.5806
1861,95.4118,97.5806
1862,95.4118,97.5806
1863,95.4118,97.5806
1864,95.4118,97.5806
1865,95.4118,97.5806
1866,95.4118,97.5806
1867,95.4118,97.5806
1868,95.4118,97.5806
1869,95.4118,97.5806
1870,95.4118,97.5806
1871,95.4118,97.5806
1872,95.4118,97.5806
1873,95.4118,97.5806
1874,95.4118,97.5806
1875,95.4118,97.5806
1876,95.4118,97.5806
1877,95.4118,97.5806
1878,95.4118,97.5806
1879,95.4118,97.5806
1880,95.4118,97.5806
1881,95.4118,97.5806
1882,95.4118,97.5806
1883,95.4118,97.5806
1884,95.4118,97.5806
1885,95.4118,97.5806
1886,95.4118,97.5806
1887,95.4118,97.5806
1888,95.4118,97.5806
1889,95.4118,97.5806
1890,95.4118,97.5806
1891,95.4118,97.5806
1892,95.4118,97.5806
1893,95.4118,97.5806
1894,95.4118,97.5806
1895,95.4118,97.5806
1896,95.4118,97.5806
1897,95.4118,97.5806
1898,95.4118,97.5806
1899,95.4118,97.5806
1900,95.4118,97.6129
1901,95.4118,97.6129
1902,95.4118,97.6129
1903,95.4118,97.6129
1904,95.4118,97.6129
1905,95.4118,97.6129
1906,95.4118,97.6129
1907,95.4118,97.6129
1908,95.4118,97.6129
1909,95.4118,97.6129
1910,95.4118,97.6129
1911,95.4118,97.6129
1912,95.4118,97.6129
1913,95.4118,97.6129
1914,95.4118,97.6129
1915,95.4118,97.6129
1916,95.4118,97.6129
1917,95.4118,97.6129
1918,95.4118,97.6129
1919,95.4118,97.6129
1920,95.4118,97.6129
1921,95.4118,97.6129
1922,95.4118,97.6129
1923,95.4118,97.6129
1924,95.4118,97.6129
1925,95.4118,97.6129
1926,95.4118,97.6129
1927,95.4118,97.6129
1928,95.4118,97.6129
1929,95.4118,97.6129
1930,95.4118,97.6129
1931,95.4118,97.6129
1932,95.4118,97.6129
1933,95.4118,97.6129
1934,95.4118,97.6129
1935,95.4118,97.6129
1936,95.4118,97.6129
1937,95.4118,97.6129
1938,95.4118,97.6129
1939,95.4118,97.6452
1940,95.4118,97.6452
1941,95.4118,97.6452
1942,95.4118,97.6452
1943,95.4118,97.6452
1944,95.4118,97.6452
1945,95.4118,97.6452
1946,95.4118,97.6452
1947,95.4118,97.6452
1948,95.4118,97.6452
1949,95.4118,97.6452
1950,95.4118,97.6452
1951,95.4118,97.6452
1952,95.4118,97.6452
1953,95.5294,97.6452
1954,95.5294,97.6452
1955,95.5294,97.6452
1956,95.5294,97.6452
1957,95.5294,97.6452
1958,95.5294,97.6452
1959,95.5294,97.6452
1960,95.5294,97.6452
1961,95.5294,97.6452
1962,95.5294,97.6452
1963,95.5294,97.6452
1964,95.5294,97.6452
1965,95.5294,97.6452
1966,95.5294,97.6452
1967,95.5294,97.6452
1968,95.5294,97.6452
1969,95.5294,97.6452
1970,95.5294,97.6452
1971,95.5294,97.6452
1972,95.5294,97.6452
1973,95.5294,97.6452
1974,95.5294,97.6452
1975,95.5294,97.6452
1976,95.5294,97.6452
1977,95.5294,97.6452
1978,95.5294,97.6452
1979,95.5294,97.6452
1980,95.5294,97.6452
1981,95.5294,97.6452
1982,95.5294,97.6452
1983,95.5294,97.6452
1984,95.5294,97.6452
1985,95.5294,97.6452
1986,95.5294,97.6452
1987,95.5294,97.6452
1988,95.5294,97.6452
1989,95.5294,97.6452
1990,95.5294,97.6452
1991,95.5294,97.6452
1992,95.5294,97.6452
1993,95.5294,97.6452
1994,95.5294,97.6452
1995,95.5294,97.6452
1996,95.5294,97.6452
1997,95.5294,97.6452
1998,95.5294,97.6452
1999,95.5294,97.6452
2000,95.5294,97.6452
2001,95.5294,97.6452
2002,95.5294,97.6452
2003,95.5294,97.6452
2004,95.5294,97.6452
2005,95.5294,97.6452
2006,95.5294,97.6452
2007,95.5294,97.6452
2008,95.5294,97.6452
2009,95.5294,97.6452
2010,95.5294,97.6452
2011,95.5294,97.6452
2012,95.5294,97.6452
2013,95.5294,97.6452
2014,95.5294,97.6452
2015,95.5294,97.6452
2016,95.5294,97.6452
2017,95.5294,97.6452
2018,95.5294,97.6452
2019,95.5294,97.6452
2020,95.5294,97.6452
2021,95.5294,97.6452
2022,95.5294,97.6452
2023,95.5294,97.6452
2024,95.5294,97.6452
2025,95.5294,97.6452
2026,95.5294,97.6452
2027,95.5294,97.6452
2028,95.5294,97.6452
2029,95.5294,97.6452
2030,95.5294,97.6452
2031,95.5294,97.6452
2032,95.5294,97.6774
2033,95.5294,97.6774
2034,95.5294,97.6774
2035,95.5294,97.6774
2036,95.5294,97.6774
2037,95.5294,97.6774
2038,95.5294,97.6774
2039,95.5294,97.6774
2040,95.5294,97.6774
2041,95.5294,97.6774
2042,95.5294,97.6774
2043,95.5294,97.6774
2044,95.5294,97.6774
2045,95.5294,97.6774
2046,95.5294,97.6774
2047,95.5294,97.6774
2048,95.5294,97.6774
2049,95.5294,97.6774
2050,95.5294,97.6774
2051,95.5294,97.6774
2052,95.5294,97.6774
2053,95.5294,97.6774
2054,95.5294,97.6774
2055,95.5294,97.6774
2056,95.5294,97.6774
2057,95.5294,97.6774
2058,95.5294,97.6774
2059,95.5294,97.6774
2060,95.5294,97.6774
2061,95.5294,97.6774
2062,95.5294,97.6774
2063,95.5294,97.6774
2064,95.5294,97.6774
2065,95.5294,97.6774
2066,95.5294,97.6774
2067,95.5294,97.6774
2068,95.5294,97.6774
2069,95.5294,97.6774
2070,95.5294,97.6774
2071,95.5294,97.6774
2072,95.5294,97.6774
2073,95.5294,97.6774
2074,95.5294,97.6774
2075,95.5294,97.6774
2076,95.5294,97.6774
2077,95.5294,97.6774
2078,95.5294,97.6774
2079,95.5294,97.6774
2080,95.5294,97.6774
2081,95.5294,97.6774
2082,95.5294,97.6774
2083,95.5294,97.6774
2084,95.5294,97.6774
2085,95.5294,97.6774
2086,95.5294,97.6774
2087,95.5294,97.6774
2088,95.5294,97.6774
2089,95.5294,97.6774
2090,95.5294,97.6774
2091,95.5294,97.6774
2092,95.5294,97.6774
2093,95.5294,97.6774
2094,95.5294,97.6774
2095,95.5294,97.6774
2096,95.5294,97.6774
2097,95.5294,97.6774
2098,95.5294,97.6774
2099,95.5294,97.6774
2100,95.5294,97.6774
2101,95.5294,97.6774
2102,95.5294,97.6774
2103,95.5294,97.6774
2104,95.5294,97.6774
2105,95.5294,97.6774
2106,95.5294,97.6774
2107,95.5294,97.6774
2108,95.5294,97.6774
2109,95.5294,97.6774
2110,95.5294,97.6774
2111,95.5294,97.6774
2112,95.5294,97.6774
2113,95.5294,97.6774
2114,95.5294,97.6774
2115,95.5294,97.6774
2116,95.5294,97.6774
2117,95.5294,97.6774
2118,95.5294,97.6774
2119,95.5294,97.6774
2120,95.5294,97.6774
2121,95.5294,97.6774
2122,95.5294,97.6774
2123,95.5294,97.6774
2124,95.5294,97.6774
2125,95.5294,97.6774
2126,95.5294,97.6774
2127,95.5294,97.6774
2128,95.5294,97.6774
2129,95.5294,97.6774
2130,95.5294,97.6774
2131,95.5294,97.6774
2132,95.5294,97.6774
2133,95.5294,97.6774
2134,95.5294,97.6774
2135,95.5294,97.6774
2136,95.5294,97.6774
2137,95.6471,97.6774
2138,95.6471,97.6774
2139,95.6471,97.6774
2140,95.6471,97.6774
2141,95.6471,97.6774
2142,95.6471,97.6774
2143,95.6471,97.6774
2144,95.6471,97.6774
2145,95.6471,97.6774
2146,95.6471,97.6774
2147,95.6471,97.6774
2148,95.6471,97.6774
2149,95.6471,97.6774
2150,95.6471,97.6774
2151,95.6471,97.6774
2152,95.6471,97.6774
2153,95.6471,97.6774
2154,95.6471,97.6774
2155,95.6471,97.6774
2156,95.6471,97.6774
2157,95.6471,97.6774
2158,95.6471,97.6774
2159,95.6471,97.6774
2160,95.6471,97.6774
2161,95.6471,97.6774
2162,95.6471,97.6774
2163,95.6471,97.6774
2164,95.6471,97.6774
2165,95.6471,97.6774
2166,95.6471,97.6774
2167,95.6471,97.6774
2168,95.6471,97.6774
2169,95.6471,97.6774
2170,95.6471,97.6774
2171,95.6471,97.6774
2172,95.6471,97.6774
2173,95.6471,97.6774
2174,95.6471,97.6774
2175,95.6471,97.6774
2176,95.6471,97.6774
2177,95.6471,97.6774
2178,95.6471,97.7097
2179,95.6471,97.7097
2180,95.6471,97.7097
2181,95.6471,97.7097
2182,95.6471,97.7097
2183,95.6471,97.7097
2184,95.6471,97.7097
2185,95.6471,97.7097
2186,95.6471,97.7097
2187,95.6471,97.7097
2188,95.6471,97.7097
2189,95.6471,97.7097
2190,95.6471,97.7097
2191,95.6471,97.7097
2192,95.6471,97.7097
2193,95.6471,97.7097
2194,95.6471,97.7419
2195,95.6471,97.7419
2196,95.6471,97.7419
2197,95.6471,97.7419
2198,95.6471,97.7419
2199,95.6471,97.7419
2200,95.6471,97.7419
2201,95.6471,97.7419
2202,95.6471,97.7419
2203,95.6471,97.7419
2204,95.6471,97.7419
2205,95.6471,97.7419
2206,95.6471,97.7419
2207,95.6471,97.7419
2208,95.6471,97.7419
2209,95.6471,97.7419
2210,95.6471,97.7419
2211,95.6471,97.7419
2212,95.6471,97.7419
2213,95.6471,97.7419
2214,95.6471,97.7419
2215,95.6471,97.7419
2216,95.6471,97.7419
2217,95.6471,97.7419
2218,95.6471,97.7419
2219,95.6471,97.7419
2220,95.6471,97.7419
2221,95.6471,97.7419
2222,95.6471,97.7419
2223,95.6471,97.7419
2224,95.6471,97.7419
2225,95.6471,97.7419
2226,95.6471,97.7419
2227,95.6471,97.7419
2228,95.6471,97.7419
2229,95.6471,97.7419
2230,95.6471,97.7419
2231,95.6471,97.7419
2232,95.6471,97.7419
2233,95.6471,97.7419
2234,95.6471,97.7419
2235,95.6471,97.7419
2236,95.6471,97.7419
2237,95.6471,97.7419
2238,95.6471,97.7419
2239,95.6471,97.7419
2240,95.6471,97.7419
2241,95.6471,97.7419
2242,95.6471,97.7419
2243,95.6471,97.7419
2244,95.6471,97.7419
2245,95.6471,97.7419
2246,95.6471,97.7419
2247,95.6471,97.7419
2248,95.6471,97.7419
2249,95.6471,97.7419
2250,95.6471,97.7419
2251,95.6471,97.7419
2252,95.6471,97.7419
2253,95.6471,97.7419
2254,95.6471,97.7419
2255,95.6471,97.7419
2256,95.6471,97.7419
2257,95.6471,97.7419
2258,95.6471,97.7419
2259,95.6471,97.7419
2260,95.6471,97.7419
2261,95.6471,97.7419
2262,95.6471,97.7419
2263,95.6471,97.7419
2264,95.6471,97.7419
2265,95.6471,97.7419
2266,95.6471,97.7419
2267,95.6471,97.7419
2268,95.6471,97.7419
2269,95.6471,97.7419
2270,95.6471,97.7419
2271,95.6471,97.7419
2272,95.6471,97.7419
2273,95.6471,97.7419
2274,95.6471,97.7419
2275,95.6471,97.7419
2276,95.6471,97.7419
2277,95.6471,97.7419
2278,95.6471,97.7419
2279,95.6471,97.7419
2280,95.6471,97.7419
2281,95.6471,97.7419
2282,95.6471,97.7419
2283,95.6471,97.7419
2284,95.6471,97.7419
2285,95.6471,97.7419
2286,95.6471,97.7419
2287,95.6471,97.7419
2288,95.6471,97.7419
2289,95.6471,97.7419
2290,95.6471,97.7419
2291,95.6471,97.7419
2292,95.6471,97.7419
2293,95.6471,97.7419
2294,95.6471,97.7419
2295,95.6471,97.7419
2296,95.6471,97.7419
2297,95.6471,97.7419
2298,95.6471,97.7419
2299,95.6471,97.7419
2300,95.6471,97.7419
2301,95.6471,97.7419
2302,95.6471,97.7419
2303,95.6471,97.7419
2304,95.6471,97.7419
2305,95.6471,97.7419
2306,95.6471,97.7419
2307,95.6471,97.7419
2308,95.6471,97.7419
2309,95.6471,97.7419
2310,95.6471,97.7419
2311,95.6471,97.7419
2312,95.6471,97.7419
2313,95.6471,97.7419
2314,95.6471,97.7419
2315,95.6471,97.7419
2316,95.6471,97.7419
2317,95.6471,97.7742
2318,95.6471,97.7742
2319,95.6471,97.7742
2320,95.6471,97.7742
2321,95.6471,97.7742
2322,95.6471,97.7742
2323,95.6471,97.7742
2324,95.6471,97.7742
2325,95.6471,97.7742
2326,95.6471,97.7742
2327,95.6471,97.7742
2328,95.6471,97.7742
2329,95.6471,97.7742
2330,95.6471,97.7742
2331,95.6471,97.7742
2332,95.6471,97.7742
2333,95.6471,97.7742
2334,95.6471,97.7742
2335,95.6471,97.7742
2336,95.6471,97.7742
2337,95.6471,97.7742
2338,95.6471,97.7742
2339,95.6471,97.7742
2340,95.6471,97.7742
2341,95.6471,97.7742
2342,95.6471,97.7742
2343,95.6471,97.7742
2344,95.6471,97.7742
2345,95.6471,97.7742
2346,95.6471,97.7742
2347,95.6471,97.7742
2348,95.6471,97.7742
2349,95.6471,97.7742
2350,95.6471,97.7742
2351,95.6471,97.8065
2352,95.6471,97.8065
2353,95.6471,97.7742
2354,95.6471,97.7742
2355,95.6471,97.7742
2356,95.6471,97.7742
2357,95.6471,97.7742
2358,95.6471,97.7742
2359,95.6471,97.7742
2360,95.6471,97.7742
2361,95.6471,97.7742
2362,95.6471,97.7742
2363,95.6471,97.7742
2364,95.6471,97.8065
2365,95.6471,97.8065
2366,95.6471,97.8065
2367,95.6471,97.8065
2368,95.6471,97.8065
2369,95.6471,97.8065
2370,95.6471,97.8065
2371,95.6471,97.8065
2372,95.5294,97.8065
2373,95.5294,97.8065
2374,95.5294,97.8065
2375,95.5294,97.8065
2376,95.5294,97.8065
2377,95.5294,97.8065
2378,95.5294,97.8065
2379,95.5294,97.8065
2380,95.5294,97.8065
2381,95.5294,97.8065
2382,95.5294,97.8065
2383,95.5294,97.8065
2384,95.5294,97.7742
2385,95.5294,97.7742
2386,95.5294,97.7742
2387,95.5294,97.7742
2388,95.5294,97.7742
2389,95.5294,97.7742
2390,95.5294,97.7742
2391,95.5294,97.7742
2392,95.5294,97.7742
2393,95.5294,97.7742
2394,95.5294,97.7742
2395,95.5294,97.7742
2396,95.5294,97.7742
2397,95.5294,97.7742
2398,95.5294,97.7742
2399,95.5294,97.7742
2400,95.5294,97.7742
2401,95.5294,97.7742
2402,95.5294,97.7742
2403,95.5294,97.7742
2404,95.5294,97.7742
2405,95.5294,97.7742
2406,95.5294,97.7742
2407,95.5294,97.7742
2408,95.5294,97.7742
2409,95.5294,97.7742
2410,95.5294,97.7742
2411,95.5294,97.7742
2412,95.5294,97.7742
2413,95.5294,97.7742
2414,95.5294,97.7742
2415,95.5294,97.7742
2416,95.5294,97.7742
2417,95.5294,97.7742
2418,95.5294,97.7742
2419,95.5294,97.7742
2420,95.5294,97.7742
2421,95.5294,97.7742
2422,95.5294,97.7742
2423,95.5294,97.7742
2424,95.5294,97.7742
2425,95.5294,97.7742
2426,95.5294,97.7742
2427,95.5294,97.7742
2428,95.5294,97.7742
2429,95.5294,97.7742
2430,95.5294,97.7742
2431,95.5294,97.7742
2432,95.5294,97.7742
2433,95.5294,97.7742
2434,95.5294,97.7742
2435,95.5294,97.7742
2436,95.5294,97.7742
2437,95.5294,97.7742
2438,95.5294,97.7742
2439,95.5294,97.7742
2440,95.5294,97.7742
2441,95.5294,97.7742
2442,95.5294,97.7742
2443,95.5294,97.7742
2444,95.5294,97.7742
2445,95.5294,97.7742
2446,95.5294,97.7742
2447,95.5294,97.7742
2448,95.5294,97.7742
2449,95.5294,97.7742
2450,95.5294,97.7742
2451,95.5294,97.7742
2452,95.5294,97.7742
2453,95.5294,97.7742
2454,95.5294,97.7742
2455,95.5294,97.7742
2456,95.5294,97.7742
2457,95.5294,97.7742
2458,95.5294,97.7742
2459,95.5294,97.7742
2460,95.5294,97.7742
2461,95.5294,97.7742
2462,95.5294,97.7742
2463,95.5294,97.7742
2464,95.5294,97.7742
2465,95.5294,97.7742
2466,95.5294,97.7742
2467,95.5294,97.7742
2468,95.5294,97.7742
2469,95.5294,97.7742
2470,95.5294,97.7742
2471,95.5294,97.7742
2472,95.5294,97.7742
2473,95.5294,97.7742
2474,95.5294,97.7742
2475,95.5294,97.7742
2476,95.5294,97.7742
2477,95.5294,97.7742
2478,95.5294,97.7742
2479,95.5294,97.8065
2480,95.5294,97.8065
2481,95.5294,97.8065
2482,95.5294,97.8065
2483,95.5294,97.8065
2484,95.5294,97.8065
2485,95.5294,97.8065
2486,95.5294,97.8065
2487,95.5294,97.8065
2488,95.5294,97.8065
2489,95.5294,97.8065
2490,95.5294,97.8065
2491,95.5294,97.8065
2492,95.5294,97.8065
2493,95.5294,97.8065
2494,95.5294,97.8065
2495,95.5294,97.8065
2496,95.5294,97.8065
2497,95.5294,97.8065
2498,95.5294,97.8065
2499,95.5294,97.8065
2500,95.5294,97.8065
2501,95.5294,97.8065
2502,95.5294,97.8065
2503,95.5294,97.8065
2504,95.5294,97.8065
2505,95.5294,97.8065
2506,95.5294,97.8065
2507,95.5294,97.8065
2508,95.5294,97.8065
2509,95.5294,97.8065
2510,95.5294,97.8065
2511,95.5294,97.8065
2512,95.5294,97.8065
2513,95.5294,97.8065
2514,95.5294,97.8065
2515,95.5294,97.8065
2516,95.5294,97.8065
2517,95.5294,97.8065
2518,95.5294,97.8065
2519,95.5294,97.8065
2520,95.5294,97.8065
2521,95.5294,97.8065
2522,95.5294,97.8065
2523,95.5294,97.8065
2524,95.5294,97.8065
2525,95.6471,97.8065
2526,95.6471,97.8065
2527,95.6471,97.8065
2528,95.6471,97.8065
2529,95.6471,97.8065
2530,95.6471,97.8065
2531,95.6471,97.8065
2532,95.6471,97.8065
2533,95.6471,97.8065
2534,95.6471,97.8065
2535,95.6471,97.8065
2536,95.6471,97.8065
2537,95.6471,97.8065
2538,95.6471,97.8065
2539,95.6471,97.8065
2540,95.6471,97.8065
2541,95.6471,97.8065
2542,95.6471,97.8065
2543,95.6471,97.8065
2544,95.6471,97.8065
2545,95.6471,97.8065
2546,95.6471,97.8065
2547,95.6471,97.8065
2548,95.6471,97.8065
2549,95.6471,97.8065
2550,95.6471,97.8065
2551,95.6471,97.8065
2552,95.6471,97.8065
2553,95.6471,97.8065
2554,95.6471,97.8065
2555,95.6471,97.8065
2556,95.6471,97.8065
2557,95.6471,97.8065
2558,95.6471,97.8065
2559,95.6471,97.8065
2560,95.6471,97.8065
2561,95.6471,97.8065
2562,95.6471,97.8065
2563,95.6471,97.8065
2564,95.6471,97.8065
2565,95.6471,97.8065
2566,95.6471,97.8065
2567,95.6471,97.8065
2568,95.6471,97.8065
2569,95.6471,97.8065
2570,95.7647,97.8065
2571,95.7647,97.8065
2572,95.7647,97.8065
2573,95.7647,97.8065
2574,95.7647,97.8065
2575,95.7647,97.8065
2576,95.7647,97.8065
2577,95.7647,97.8065
2578,95.7647,97.8065
2579,95.7647,97.8065
2580,95.7647,97.8065
2581,95.7647,97.8065
2582,95.7647,97.8065
2583,95.7647,97.8065
2584,95.7647,97.8065
2585,95.7647,97.8065
2586,95.7647,97.8065
2587,95.7647,97.8065
2588,95.7647,97.8065
2589,95.7647,97.8065
2590,95.7647,97.8065
2591,95.7647,97.8065
2592,95.7647,97.8065
2593,95.7647,97.8065
2594,95.7647,97.8065
2595,95.7647,97.8065
2596,95.7647,97.8065
2597,95.7647,97.8065
2598,95.7647,97.8065
2599,95.7647,97.8065
2600,95.7647,97.8065
2601,95.7647,97.8065
2602,95.7647,97.8065
2603,95.7647,97.8065
2604,95.7647,97.8065
2605,95.7647,97.8065
2606,95.7647,97.8065
2607,95.7647,97.8065
2608,95.7647,97.8065
2609,95.7647,97.8065
2610,95.7647,97.8065
2611,95.7647,97.8065
2612,95.7647,97.8387
2613,95.7647,97.8387
2614,95.7647,97.8387
2615,95.7647,97.8387
2616,95.7647,97.8387
2617,95.7647,97.8387
2618,95.7647,97.8387
2619,95.7647,97.8387
2620,95.7647,97.8387
2621,95.7647,97.8387
2622,95.7647,97.8387
2623,95.7647,97.8387
2624,95.7647,97.8387
2625,95.7647,97.8387
2626,95.8824,97.8387
2627,95.8824,97.8387
2628,95.8824,97.8387
2629,95.8824,97.8387
2630,95.8824,97.8387
2631,95.8824,97.8387
2632,95.8824,97.8387
2633,95.8824,97.8387
2634,95.8824,97.8387
2635,95.8824,97.8387
2636,95.8824,97.8387
2637,95.8824,97.8387
2638,95.8824,97.8387
2639,95.8824,97.8387
2640,95.8824,97.8387
2641,95.8824,97.8387
2642,95.8824,97.8387
2643,95.8824,97.8387
2644,95.8824,97.8387
2645,95.8824,97.8387
2646,95.8824,97.8387
2647,95.8824,97.8387
2648,95.8824,97.8387
2649,95.8824,97.8387
2650,95.8824,97.8387
2651,95.8824,97.8387
2652,95.8824,97.8387
2653,95.8824,97.8387
2654,95.8824,97.8387
2655,95.8824,97.8387
2656,95.8824,97.8387
2657,95.8824,97.8387
2658,95.8824,97.8387
2659,95.8824,97.8387
2660,95.8824,97.8387
2661,95.8824,97.8387
2662,95.8824,97.8387
2663,95.8824,97.8387
2664,95.8824,97.8387
2665,95.8824,97.8387
2666,95.8824,97.8387
2667,95.8824,97.8387
2668,95.8824,97.8387
2669,95.8824,97.8387
2670,95.8824,97.8387
2671,95.8824,97.8387
2672,95.8824,97.8387
2673,95.8824,97.8387
2674,95.8824,97.8387
2675,95.8824,97.8387
2676,95.8824,97.8387
2677,95.8824,97.8387
2678,95.8824,97.8387
2679,95.8824,97.8387
2680,95.8824,97.8387
2681,95.8824,97.8387
2682,95.8824,97.8387
2683,95.8824,97.8387
2684,95.8824,97.8387
2685,95.8824,97.8387
2686,95.8824,97.8387
2687,95.8824,97.8387
2688,95.8824,97.8387
2689,95.8824,97.8387
2690,95.8824,97.8387
2691,95.8824,97.8387
2692,95.8824,97.8387
2693,95.8824,97.8387
2694,95.8824,97.8387
2695,95.8824,97.8387
2696,95.8824,97.8387
2697,95.8824,97.8387
2698,95.8824,97.8387
2699,95.8824,97.8387
2700,95.8824,97.8387
2701,95.8824,97.8387
2702,95.8824,97.871
2703,95.8824,97.871
2704,95.8824,97.871
2705,95.8824,97.871
2706,95.8824,97.871
2707,95.8824,97.871
2708,95.8824,97.871
2709,95.8824,97.871
2710,95.8824,97.871
2711,95.8824,97.871
2712,95.8824,97.871
2713,95.8824,97.871
2714,95.8824,97.871
2715,95.8824,97.871
2716,95.8824,97.871
2717,95.8824,97.871
2718,95.8824,97.871
2719,95.8824,97.871
2720,95.8824,97.871
2721,95.8824,97.871
2722,95.8824,97.871
2723,95.8824,97.871
2724,95.8824,97.871
2725,95.8824,97.871
2726,95.8824,97.871
2727,95.8824,97.871
2728,95.8824,97.871
2729,95.8824,97.871
2730,95.8824,97.871
2731,95.8824,97.871
2732,95.8824,97.871
2733,95.8824,97.871
2734,95.8824,97.871
2735,95.8824,97.871
2736,95.8824,97.871
2737,95.8824,97.871
2738,95.8824,97.871
2739,95.8824,97.871
2740,95.8824,97.871
2741,95.8824,97.871
2742,95.8824,97.871
2743,95.8824,97.871
2744,95.8824,97.871
2745,95.8824,97.871
2746,95.8824,97.871
2747,95.8824,97.871
2748,95.8824,97.871
2749,95.8824,97.871
2750,95.8824,97.871
2751,95.8824,97.871
2752,95.8824,97.871
2753,95.8824,97.871
2754,95.8824,97.871
2755,95.8824,97.871
2756,95.8824,97.871
2757,95.8824,97.871
2758,95.8824,97.871
2759,95.8824,97.871
2760,95.8824,97.871
2761,95.8824,97.871
2762,95.8824,97.871
2763,95.8824,97.871
2764,95.8824,97.871
2765,95.8824,97.871
2766,95.8824,97.871
2767,95.8824,97.871
2768,95.8824,97.871
2769,95.8824,97.871
2770,95.8824,97.871
2771,95.8824,97.871
2772,95.8824,97.871
2773,95.8824,97.871
2774,95.8824,97.871
2775,95.8824,97.871
2776,95.8824,97.871
2777,95.8824,97.871
2778,95.8824,97.871
2779,95.8824,97.871
2780,95.8824,97.871
2781,95.8824,97.871
2782,95.8824,97.871
2783,95.8824,97.871
2784,95.8824,97.871
2785,95.8824,97.871
2786,95.8824,97.871
2787,95.8824,97.871
2788,95.8824,97.871
2789,95.8824,97.871
2790,95.8824,97.871
2791,95.8824,97.871
2792,95.8824,97.871
2793,95.8824,97.871
2794,95.8824,97.871
2795,95.8824,97.871
2796,95.8824,97.871
2797,95.8824,97.871
2798,95.8824,97.871
2799,95.8824,97.871
2800,95.8824,97.871
2801,95.8824,97.871
2802,95.8824,97.871
2803,95.8824,97.871
2804,95.8824,97.871
2805,95.8824,97.871
2806,95.8824,97.871
2807,95.8824,97.871
2808,95.8824,97.871
2809,95.8824,97.871
2810,95.8824,97.871
2811,95.8824,97.871
2812,95.8824,97.871
2813,95.8824,97.871
2814,95.8824,97.871
2815,95.8824,97.871
2816,95.8824,97.871
2817,95.8824,97.871
2818,95.8824,97.871
2819,95.8824,97.871
2820,95.8824,97.9032
2821,95.8824,97.9032
2822,95.8824,97.9032
2823,95.8824,97.9032
2824,95.8824,97.9032
2825,95.8824,97.9032
2826,95.8824,97.9032
2827,95.8824,97.9032
2828,95.8824,97.9032
2829,95.8824,97.9032
2830,95.8824,97.9032
2831,95.8824,97.9032
2832,95.8824,97.9032
2833,95.8824,97.9032
2834,95.8824,97.9032
2835,95.8824,97.9032
2836,95.8824,97.9032
2837,95.8824,97.9032
2838,95.8824,97.9032
2839,95.8824,97.9032
2840,95.8824,97.9032
2841,95.8824,97.9032
2842,95.8824,97.9032
2843,95.8824,97.9032
2844,95.8824,97.9032
2845,95.8824,97.9032
2846,95.8824,97.9032
2847,95.8824,97.9032
2848,95.8824,97.9032
2849,95.8824,97.9032
2850,95.8824,97.9032
2851,95.8824,97.9032
2852,95.8824,97.9032
2853,95.8824,97.9032
2854,95.8824,97.9032
2855,95.8824,97.9032
2856,95.8824,97.9032
2857,95.8824,97.9032
2858,95.8824,97.9032
2859,95.8824,97.9032
2860,95.8824,97.9032
2861,95.8824,97.9032
2862,95.8824,97.9032
2863,95.8824,97.9032
2864,95.8824,97.9032
2865,95.8824,97.9032
2866,95.8824,97.9032
2867,95.8824,97.9032
2868,95.8824,97.9032
2869,95.8824,97.9032
2870,95.8824,97.9032
2871,95.8824,97.9032
2872,95.8824,97.9032
2873,95.8824,97.9032
2874,95.8824,97.9032
2875,95.8824,97.9032
2876,95.8824,97.9032
2877,95.8824,97.9032
2878,95.8824,97.9032
2879,95.8824,97.9032
2880,95.8824,97.9032
2881,95.8824,97.9032
2882,95.8824,97.9032
2883,95.8824,97.9032
2884,95.8824,97.9032
2885,95.8824,97.9032
2886,95.8824,97.9032
2887,95.8824,97.9032
2888,95.8824,97.9032
2889,95.8824,97.9032
2890,95.8824,97.9032
2891,95.8824,97.9032
2892,95.8824,97.9032
2893,95.8824,97.9032
2894,95.8824,97.9032
2895,95.8824,97.9032
2896,95.8824,97.9032
2897,95.8824,97.9032
2898,95.8824,97.9032
2899,95.8824,97.9032
2900,95.8824,97.9032
2901,95.8824,97.9032
2902,95.8824,97.9032
2903,95.8824,97.9032
2904,95.8824,97.9032
2905,95.8824,97.9032
2906,95.8824,97.9032
2907,95.8824,97.9032
2908,95.8824,97.9032
2909,95.8824,97.9032
2910,95.8824,97.9032
2911,95.8824,97.9032
2912,95.8824,97.9032
2913,95.8824,97.9032
2914,95.8824,97.9032
2915,95.8824,97.9032
2916,95.8824,97.9032
2917,95.8824,97.9032
2918,95.8824,97.9032
2919,95.8824,97.9032
2920,95.8824,97.9032
2921,95.8824,97.9032
2922,95.8824,97.9032
2923,95.8824,97.9032
2924,95.8824,97.9032
2925,95.8824,97.9032
2926,95.8824,97.9032
2927,95.8824,97.9032
2928,95.8824,97.9032
2929,95.8824,97.9032
2930,95.8824,97.9032
2931,95.8824,97.9032
2932,95.8824,97.9032
2933,95.8824,97.9032
2934,95.8824,97.9032
2935,95.8824,97.9032
2936,95.8824,97.9032
2937,95.8824,97.9032
2938,95.8824,97.9032
2939,95.8824,97.9032
2940,95.8824,97.9032
2941,95.8824,97.9032
2942,95.8824,97.9032
2943,95.8824,97.9032
2944,95.8824,97.9032
2945,95.8824,97.9032
2946,95.8824,97.9032
2947,95.8824,97.9032
2948,95.8824,97.9032
2949,95.8824,97.9032
2950,95.8824,97.9032
2951,95.8824,97.9032
2952,95.8824,97.9032
2953,95.8824,97.9032
2954,95.8824,97.9032
2955,95.8824,97.9032
2956,95.8824,97.9032
2957,95.8824,97.9032
2958,95.8824,97.9032
2959,95.8824,97.9032
2960,95.8824,97.9032
2961,95.8824,97.9032
2962,95.8824,97.9032
2963,95.8824,97.9032
2964,95.8824,97.9032
2965,95.8824,97.9032
2966,95.8824,97.9032
2967,95.8824,97.9032
2968,95.8824,97.9032
2969,95.8824,97.9032
2970,95.8824,97.9032
2971,95.8824,97.9032
2972,95.8824,97.9032
2973,95.8824,97.9032
2974,95.8824,97.9032
2975,95.8824,97.9355
2976,95.8824,97.9355
2977,95.8824,97.9355
2978,95.8824,97.9355
2979,95.8824,97.9355
2980,95.8824,97.9355
2981,95.8824,97.9355
2982,95.8824,97.9355
2983,95.8824,97.9355
2984,95.8824,97.9355
2985,95.8824,97.9355
2986,95.8824,97.9355
2987,95.8824,97.9355
2988,95.8824,97.9355
2989,95.8824,97.9355
2990,95.8824,97.9355
2991,95.8824,97.9355
2992,95.8824,97.9355
2993,95.8824,97.9355
2994,95.8824,97.9355
2995,95.8824,97.9355
2996,95.8824,97.9355
2997,95.8824,97.9355
2998,95.8824,97.9355
2999,95.8824,97.9355
