0,8.11765,9.64516
1,15.0588,15.2581
2,17.6471,16.4839
3,20.2353,19.6452
4,20.7059,20.4839
5,21.4118,21.4839
6,22.1176,22.8065
7,24.8235,25.0323
8,26.7059,26.6774
9,28.4706,27.9032
10,29.8824,29.0968
11,31.4118,30.5484
12,33.1765,32.6774
13,35.7647,36.0645
14,36.4706,36.871
15,37.0588,37.0968
16,37.5294,37.3548
17,38.3529,37.4839
18,38.1176,38
19,38.1176,38.4516
20,38.3529,38.7097
21,38.7059,38.9677
22,39.5294,39.3548
23,40,39.5484
24,40.3529,39.6129
25,40.5882,39.9032
26,40.8235,40.1935
27,40.8235,40.4839
28,40.9412,40.7097
29,41.1765,41
30,41.5294,41.1613
31,41.6471,41.2903
32,41.4118,41.5161
33,41.5294,41.6774
34,42.1176,41.871
35,42.4706,42.1613
36,42.5882,42.2903
37,42.7059,42.3548
38,43.0588,42.6452
39,43.0588,42.871
40,43.1765,42.9032
41,43.2941,43
42,43.6471,43.1935
43,44.1176,43.4194
44,44.2353,43.6129
45,44.4706,44
46,44.5882,44.129
47,44.5882,44.3226
48,44.8235,44.2581
49,44.9412,44.4194
50,45.0588,44.6129
51,44.9412,44.871
52,45.0588,45.1613
53,45.0588,45.5484
54,45.1765,45.871
55,45.2941,46.2581
56,46.2353,46.5484
57,47.0588,47.3226
58,47.6471,48.0968
59,48.7059,49.2581
60,49.7647,50.3548
61,50.4706,51.0323
62,51.2941,52.0323
63,52.4706,52.871
64,53.4118,53.3871
65,53.5294,53.5484
66,53.6471,54.2581
67,54.3529,54.9355
68,54.7059,55.4194
69,55.0588,55.871
70,56,56.3548
71,56.9412,57
72,57.7647,57.871
73,58.9412,58.6452
74,59.6471,59.2258
75,60.5882,59.9355
76,60.9412,60.4839
77,61.5294,60.9032
78,61.8824,61.3871
79,62.4706,61.8065
80,63.1765,62.1935
81,63.4118,62.5484
82,64.2353,63.0323
83,64.4706,63.4516
84,64.9412,63.7742
85,65.6471,63.9032
86,65.8824,64.3226
87,66.2353,64.5806
88,67.2941,64.871
89,67.4118,65.1613
90,67.2941,65.6129
91,67.2941,65.8387
92,67.7647,66.2258
93,67.8824,66.4516
94,68.3529,66.7097
95,68.7059,66.871
96,69.1765,66.871
97,69.1765,67
98,69.6471,67.1935
99,69.6471,67.3548
100,69.6471,67.5161
101,69.8824,67.6129
102,70.1176,67.7742
103,70.2353,67.7742
104,70.5882,67.8065
105,70.5882,67.871
106,70.5882,67.9677
107,71.0588,68.129
108,71.4118,68.2581
109,71.4118,68.4194
110,71.6471,68.5484
111,71.5294,68.7097
112,71.8824,68.7419
113,72,68.8065
114,72,69.0645
115,72.1176,69.2903
116,72,69.3871
117,72,69.6452
118,71.8824,69.7097
119,71.8824,69.9032
120,71.8824,69.9032
121,71.8824,69.9677
122,72.1176,70.1935
123,72.1176,70.3548
124,72.2353,70.5161
125,72.1176,70.5806
126,72.2353,70.6452
127,72.1176,70.7742
128,72.1176,70.8065
129,72.1176,70.8065
130,72.1176,70.871
131,72.1176,70.9677
132,72.1176,71.129
133,72.1176,71.1935
134,72.1176,71.2258
135,72.3529,71.3871
136,72.3529,71.5161
137,72.3529,71.8065
138,72.3529,71.9677
139,72.4706,72.129
140,72.4706,72.2903
141,72.3529,72.3548
142,72.3529,72.3548
143,72.3529,72.2903
144,72.4706,72.3871
145,72.5882,72.4839
146,72.7059,72.5161
147,72.7059,72.6129
148,72.7059,72.6452
149,72.8235,72.7419
150,72.9412,72.9032
151,72.9412,72.9032
152,73.0588,72.9677
153,72.9412,73.0323
154,73.0588,73.0645
155,73.1765,73.0323
156,73.4118,73.1935
157,73.5294,73.2258
158,73.5294,73.1935
159,73.6471,73.2258
160,74,73.3226
161,74,73.4194
162,74.1176,73.5161
163,74.1176,73.6774
164,74.1176,73.6774
165,74.2353,73.7742
166,74.3529,73.7742
167,74.2353,73.8065
168,74.3529,73.8065
169,74.3529,73.8065
170,74.3529,73.8065
171,74.3529,73.8065
172,74.4706,73.7097
173,74.4706,73.7742
174,74.7059,73.9032
175,74.8235,73.9677
176,74.8235,74.2581
177,75.1765,74.1935
178,75.7647,74.7742
179,76.3529,74.9677
180,76.2353,75.1613
181,76.7059,75.7419
182,77.6471,76.1935
183,78,76.7097
184,78.3529,76.9677
185,78.7059,77.2258
186,78.7059,77.6129
187,78.8235,77.7419
188,78.9412,77.9032
189,78.7059,78.0645
190,79.0588,78.2258
191,78.8235,78.4194
192,78.8235,78.5484
193,78.9412,78.6452
194,79.1765,78.9677
195,79.4118,79.0968
196,78.9412,79.3548
197,79.4118,79.5161
198,79.5294,79.6452
199,79.5294,79.7419
200,79.7647,79.871
201,79.8824,79.9677
202,80,80.0645
203,80.2353,80.2581
204,80.1176,80.4194
205,80.2353,80.8065
206,80.2353,80.871
207,80.4706,81.0323
208,80.4706,81.129
209,80.3529,81.2903
210,80.4706,81.4194
211,80.4706,81.4194
212,80.7059,81.4839
213,80.9412,81.4839
214,81.0588,81.5806
215,81.0588,81.7097
216,81.1765,81.7097
217,81.4118,81.7097
218,81.5294,81.6774
219,81.6471,81.7742
220,81.6471,81.9032
221,81.6471,81.8387
222,81.6471,81.9032
223,81.7647,81.9677
224,81.8824,82.0323
225,82,82.0323
226,82,82.0323
227,82,82.0645
228,82,82.0968
229,81.8824,82.0968
230,81.7647,82.0323
231,81.7647,82.0645
232,81.8824,82.1613
233,81.8824,82.1613
234,81.8824,82.0645
235,81.8824,82.129
236,81.8824,82.129
237,81.8824,82.1613
238,82,82.2258
239,82.2353,82.2258
240,82.2353,82.2258
241,82.2353,82.3226
242,82.2353,82.3548
243,82.3529,82.3226
244,82.2353,82.3226
245,82.2353,82.2903
246,82.2353,82.3226
247,82.2353,82.3548
248,82.2353,82.4194
249,82.3529,82.4194
250,82.4706,82.4516
251,82.5882,82.4839
252,82.5882,82.5161
253,82.5882,82.5161
254,82.3529,82.5161
255,82.2353,82.6774
256,82.3529,82.7419
257,82.3529,82.7419
258,82.2353,82.7419
259,82,82.9032
260,82,82.9677
261,82.1176,82.9355
262,82.1176,82.9032
263,82,82.871
264,82.2353,82.9032
265,82.2353,82.9677
266,82.3529,82.9677
267,82.3529,83.0645
268,82.3529,83.0645
269,82.3529,83.129
270,82.3529,83.1613
271,82.4706,83.1613
272,82.4706,83.2258
273,82.7059,83.2581
274,82.7059,83.2903
275,82.8235,83.3548
276,82.8235,83.3548
277,82.9412,83.3871
278,82.9412,83.4516
279,83.0588,83.5806
280,83.0588,83.5484
281,83.0588,83.5806
282,83.1765,83.6452
283,83.1765,83.6774
284,83.1765,83.6774
285,83.1765,83.6774
286,83.1765,83.7097
287,83.0588,83.6452
288,83.0588,83.7419
289,83.0588,83.7742
290,83.0588,83.8065
291,83.0588,83.8065
292,83.1765,83.8065
293,83.1765,83.8387
294,83.1765,83.8065
295,83.1765,83.8065
296,83.2941,83.8387
297,83.2941,83.871
298,83.2941,83.871
299,83.1765,84.0323
300,83.0588,84.0323
301,83.1765,84
302,83.2941,84
303,83.2941,84.0645
304,83.4118,84.0645
305,83.4118,84.129
306,83.5294,84.2258
307,83.5294,84.2903
308,83.5294,84.2903
309,83.5294,84.2903
310,83.5294,84.2903
311,83.5294,84.3226
312,83.5294,84.2903
313,83.6471,84.2903
314,83.6471,84.2903
315,83.6471,84.3871
316,83.5294,84.4194
317,83.5294,84.4516
318,83.5294,84.4516
319,83.5294,84.5161
320,83.5294,84.5484
321,83.4118,84.5806
322,83.4118,84.5806
323,83.4118,84.5806
324,83.4118,84.6129
325,83.4118,84.6452
326,83.4118,84.6452
327,83.4118,84.6129
328,83.4118,84.6452
329,83.4118,84.6129
330,83.4118,84.6129
331,83.4118,84.6129
332,83.5294,84.6129
333,83.5294,84.6129
334,83.5294,84.6452
335,83.6471,84.6452
336,83.6471,84.7419
337,83.6471,84.7419
338,83.6471,84.7742
339,83.6471,84.7742
340,83.6471,84.7419
341,83.6471,84.7742
342,83.6471,84.8065
343,83.6471,84.871
344,83.7647,84.871
345,83.7647,84.9032
346,83.7647,84.871
347,83.6471,84.871
348,83.6471,84.871
349,83.6471,85
350,83.6471,85.0645
351,83.6471,85.0645
352,83.6471,85.0645
353,83.6471,85.0645
354,83.7647,85.0323
355,83.7647,85.0323
356,83.7647,85.0645
357,83.7647,85.1613
358,83.7647,85.2581
359,83.7647,85.3226
360,83.8824,85.3548
361,83.8824,85.3871
362,83.8824,85.4194
363,83.8824,85.4194
364,83.8824,85.3871
365,83.8824,85.3871
366,83.7647,85.3871
367,83.7647,85.3548
368,83.7647,85.3871
369,83.7647,85.3871
370,83.8824,85.3871
371,83.8824,85.3871
372,83.8824,85.3871
373,83.8824,85.3548
374,83.8824,85.3871
375,83.8824,85.4194
376,83.8824,85.4516
377,83.8824,85.4839
378,84,85.5484
379,84,85.5806
380,84,85.5806
381,83.7647,85.5806
382,83.7647,85.6129
383,83.7647,85.6129
384,83.6471,85.5806
385,83.6471,85.5806
386,83.6471,85.5806
387,83.6471,85.5806
388,83.6471,85.6774
389,83.6471,85.7097
390,83.6471,85.7097
391,83.7647,85.7419
392,83.7647,85.8065
393,83.7647,85.8065
394,83.8824,85.8065
395,83.8824,85.8387
396,83.8824,85.8387
397,84,85.8387
398,84,85.8387
399,84,85.8387
400,84,85.8387
401,84,85.8387
402,84,85.871
403,84.2353,85.9032
404,84.2353,85.9032
405,84.3529,85.9032
406,84.3529,85.9032
407,84.3529,85.9355
408,84.2353,85.9032
409,84.2353,85.9355
410,84.2353,85.9677
411,84.2353,85.9677
412,84.2353,85.9677
413,84.2353,85.9677
414,84.2353,85.9677
415,84.2353,85.9677
416,84.2353,85.9355
417,84.2353,85.9355
418,84.1176,86
419,84.1176,85.9677
420,84.2353,86.0323
421,84.4706,86.0645
422,84.4706,86.0645
423,84.4706,86.0968
424,84.4706,86.0968
425,84.4706,86.129
426,84.4706,86.129
427,84.4706,86.129
428,84.5882,86.129
429,84.8235,86.0968
430,84.8235,86.0645
431,84.9412,86.129
432,84.9412,86.0968
433,84.9412,86.129
434,84.8235,86.129
435,84.8235,86.129
436,84.8235,86.1935
437,84.7059,86.1935
438,84.5882,86.2258
439,84.5882,86.2258
440,84.5882,86.2581
441,84.5882,86.2581
442,84.5882,86.2581
443,84.5882,86.2258
444,84.5882,86.2581
445,84.5882,86.2258
446,84.5882,86.2258
447,84.5882,86.2258
448,84.5882,86.1935
449,84.5882,86.2258
450,84.7059,86.2258
451,84.7059,86.2581
452,84.8235,86.2903
453,84.8235,86.2581
454,84.9412,86.2581
455,84.9412,86.2581
456,85.0588,86.2581
457,85.0588,86.2581
458,85.1765,86.2903
459,85.1765,86.2903
460,85.1765,86.3226
461,85.1765,86.3548
462,85.1765,86.3548
463,85.1765,86.3548
464,85.1765,86.3548
465,85.1765,86.3871
466,85.1765,86.3871
467,85.1765,86.4516
468,85.1765,86.4516
469,85.1765,86.4516
470,85.1765,86.5161
471,85.1765,86.5484
472,85.1765,86.5806
473,85.1765,86.5806
474,85.2941,86.5806
475,85.2941,86.5484
476,85.2941,86.5806
477,85.1765,86.5806
478,85.1765,86.5806
479,85.1765,86.5806
480,85.1765,86.5806
481,85.1765,86.5806
482,85.1765,86.5484
483,85.1765,86.5484
484,85.1765,86.5806
485,85.1765,86.5806
486,85.1765,86.5806
487,85.1765,86.5806
488,85.1765,86.5806
489,85.1765,86.5806
490,85.1765,86.6129
491,85.1765,86.6129
492,85.0588,86.6452
493,85.0588,86.6452
494,85.0588,86.6452
495,85.0588,86.6774
496,85.1765,86.6774
497,85.1765,86.6774
498,85.1765,86.6774
499,85.4118,86.6774
500,85.4118,86.6452
501,85.4118,86.6129
502,85.4118,86.6129
503,85.5294,86.6774
504,85.6471,86.7097
505,85.6471,86.7097
506,85.6471,86.7097
507,85.6471,86.6774
508,85.6471,86.6774
509,85.6471,86.6774
510,85.6471,86.6452
511,85.6471,86.6452
512,85.6471,86.7097
513,85.6471,86.7097
514,85.6471,86.7097
515,85.6471,86.7419
516,85.6471,86.7419
517,85.6471,86.8065
518,85.6471,86.8387
519,85.6471,86.8387
520,85.6471,86.8387
521,85.6471,86.8387
522,85.6471,86.8387
523,85.6471,86.871
524,85.6471,86.871
525,85.6471,86.8387
526,85.6471,86.8387
527,85.6471,86.871
528,85.6471,86.871
529,85.6471,86.9032
530,85.6471,86.9032
531,85.6471,86.9677
532,85.5294,86.9677
533,85.5294,86.9677
534,85.5294,86.9677
535,85.6471,87
536,85.7647,87
537,85.7647,87
538,85.6471,87
539,85.6471,87.0645
540,85.6471,87.0968
541,85.6471,87.129
542,85.6471,87.129
543,85.7647,87.129
544,85.7647,87.0968
545,85.7647,87.0968
546,85.7647,87.129
547,85.7647,87.129
548,85.7647,87.129
549,85.7647,87.129
550,85.7647,87.129
551,85.7647,87.129
552,85.7647,87.129
553,85.7647,87.129
554,85.7647,87.129
555,85.6471,87.1613
556,85.6471,87.1935
557,85.7647,87.1935
558,85.7647,87.1935
559,85.7647,87.2258
560,85.7647,87.2258
561,85.7647,87.2903
562,85.7647,87.2903
563,85.7647,87.2903
564,85.7647,87.2903
565,85.7647,87.2903
566,85.7647,87.3871
567,85.7647,87.3871
568,85.7647,87.3871
569,85.7647,87.3871
570,85.7647,87.3548
571,85.7647,87.3548
572,85.6471,87.3548
573,85.6471,87.3548
574,85.7647,87.3871
575,85.7647,87.4516
576,85.7647,87.4516
577,85.7647,87.4839
578,85.7647,87.5161
579,85.7647,87.5161
580,85.7647,87.5161
581,85.7647,87.5161
582,85.7647,87.5161
583,85.7647,87.5161
584,85.7647,87.5161
585,85.7647,87.5484
586,85.8824,87.6452
587,85.8824,87.7097
588,86,87.7097
589,86,87.7097
590,86,87.7097
591,86,87.7097
592,86.1176,87.6774
593,86.1176,87.6774
594,86.1176,87.7097
595,86.1176,87.7419
596,86.1176,87.7419
597,86.1176,87.7419
598,86.1176,87.7419
599,86,87.7419
600,86,87.7419
601,86,87.7419
602,86,87.7742
603,86,87.7742
604,86,87.7742
605,86,87.7742
606,85.8824,87.7742
607,85.8824,87.8065
608,85.8824,87.8065
609,85.8824,87.8065
610,85.8824,87.7742
611,85.8824,87.7742
612,85.8824,87.8065
613,85.8824,87.8387
614,85.8824,87.8387
615,85.8824,87.8387
616,85.8824,87.8387
617,85.8824,87.8387
618,85.7647,87.8387
619,85.7647,87.8387
620,85.7647,87.8065
621,85.7647,87.871
622,85.7647,87.871
623,85.7647,87.9032
624,85.7647,87.9032
625,85.7647,87.871
626,85.8824,87.9032
627,85.8824,87.871
628,85.8824,87.871
629,85.8824,87.871
630,85.8824,87.8387
631,85.8824,87.8387
632,86,87.871
633,86,87.871
634,86,87.871
635,86,87.871
636,86,87.871
637,85.8824,87.9032
638,85.8824,87.9032
639,85.8824,87.9355
640,85.8824,87.9355
641,85.8824,87.9355
642,85.8824,87.9355
643,85.8824,87.9677
644,85.8824,87.9677
645,85.8824,87.9677
646,85.8824,87.9677
647,85.8824,88
648,85.8824,88.0323
649,85.8824,88.0323
650,85.8824,88.0323
651,85.8824,88.0645
652,85.8824,88.0645
653,85.8824,88.0645
654,85.8824,88.0645
655,85.8824,88.0968
656,85.8824,88.1613
657,85.8824,88.1613
658,85.8824,88.129
659,86,88.129
660,86,88.129
661,86,88.129
662,86,88.129
663,86,88.129
664,86,88.129
665,86,88.129
666,86,88.129
667,86,88.129
668,85.8824,88.129
669,85.8824,88.129
670,85.8824,88.129
671,85.8824,88.129
672,86,88.129
673,86,88.1613
674,86,88.1613
675,85.8824,88.1613
676,85.8824,88.129
677,85.8824,88.129
678,85.8824,88.129
679,85.8824,88.1613
680,85.8824,88.1935
681,86,88.1935
682,86,88.1935
683,86.1176,88.1935
684,86.1176,88.1935
685,86.1176,88.1935
686,86.2353,88.1935
687,86.2353,88.1935
688,86.2353,88.1935
689,86.2353,88.2258
690,86.2353,88.2258
691,86.1176,88.1935
692,86.1176,88.1935
693,86.2353,88.1935
694,86.2353,88.1935
695,86.2353,88.1935
696,86.2353,88.1935
697,86.2353,88.1935
698,86.2353,88.1935
699,86.2353,88.2258
700,86.2353,88.2258
701,86.2353,88.2258
702,86.2353,88.2581
703,86.2353,88.2581
704,86.2353,88.3226
705,86.2353,88.3226
706,86.2353,88.3226
707,86.2353,88.3226
708,86.2353,88.3226
709,86.2353,88.3548
710,86.1176,88.3548
711,86.1176,88.3548
712,86.1176,88.3871
713,86.1176,88.3871
714,86.1176,88.3871
715,86.1176,88.3871
716,86.1176,88.3871
717,86.1176,88.3871
718,86.2353,88.3871
719,86.2353,88.3871
720,86.2353,88.3871
721,86.1176,88.4194
722,86.1176,88.4516
723,86.1176,88.4839
724,86.1176,88.4839
725,86.1176,88.4839
726,86.1176,88.4839
727,86.1176,88.5161
728,86.1176,88.5161
729,86.1176,88.5161
730,86.1176,88.5161
731,86.1176,88.5806
732,86.1176,88.6129
733,86.1176,88.6129
734,86.1176,88.6452
735,86.1176,88.6452
736,86.1176,88.6129
737,86.1176,88.6129
738,86.2353,88.6129
739,86.2353,88.5806
740,86.3529,88.5484
741,86.3529,88.5484
742,86.3529,88.5161
743,86.3529,88.5161
744,86.3529,88.5161
745,86.3529,88.5161
746,86.3529,88.5161
747,86.3529,88.5161
748,86.3529,88.4839
749,86.3529,88.4839
750,86.3529,88.4839
751,86.3529,88.4839
752,86.3529,88.4516
753,86.3529,88.4194
754,86.3529,88.4194
755,86.3529,88.4194
756,86.3529,88.4194
757,86.3529,88.4194
758,86.3529,88.4516
759,86.3529,88.4516
760,86.3529,88.4194
761,86.3529,88.4194
762,86.3529,88.4194
763,86.3529,88.4516
764,86.3529,88.4516
765,86.3529,88.4516
766,86.3529,88.4516
767,86.3529,88.4516
768,86.3529,88.4516
769,86.3529,88.4516
770,86.3529,88.4516
771,86.3529,88.4516
772,86.3529,88.4516
773,86.3529,88.4194
774,86.3529,88.4194
775,86.3529,88.4194
776,86.3529,88.4194
777,86.3529,88.4516
778,86.3529,88.4516
779,86.3529,88.4516
780,86.3529,88.4839
781,86.3529,88.4839
782,86.3529,88.4839
783,86.3529,88.4839
784,86.3529,88.5161
785,86.4706,88.5161
786,86.4706,88.5161
787,86.4706,88.5161
788,86.4706,88.5161
789,86.4706,88.5161
790,86.4706,88.5161
791,86.4706,88.5161
792,86.4706,88.5484
793,86.4706,88.5806
794,86.4706,88.5806
795,86.4706,88.5806
796,86.4706,88.5806
797,86.4706,88.6129
798,86.4706,88.6129
799,86.4706,88.6129
800,86.4706,88.6129
801,86.4706,88.6129
802,86.4706,88.6129
803,86.4706,88.6129
804,86.4706,88.6129
805,86.4706,88.6129
806,86.4706,88.6129
807,86.4706,88.6129
808,86.4706,88.6129
809,86.4706,88.6129
810,86.4706,88.6129
811,86.4706,88.6129
812,86.4706,88.6129
813,86.4706,88.6129
814,86.4706,88.6129
815,86.4706,88.6129
816,86.4706,88.6129
817,86.4706,88.6129
818,86.4706,88.6129
819,86.4706,88.6129
820,86.4706,88.6129
821,86.4706,88.6129
822,86.4706,88.6129
823,86.3529,88.6774
824,86.3529,88.6774
825,86.3529,88.6774
826,86.3529,88.6774
827,86.3529,88.6774
828,86.3529,88.6452
829,86.3529,88.6452
830,86.2353,88.6774
831,86.2353,88.6774
832,86.2353,88.6774
833,86.2353,88.6774
834,86.2353,88.7097
835,86.2353,88.7419
836,86.2353,88.7419
837,86.2353,88.7419
838,86.2353,88.7419
839,86.2353,88.7419
840,86.2353,88.7419
841,86.2353,88.7419
842,86.2353,88.7419
843,86.2353,88.7419
844,86.2353,88.7419
845,86.2353,88.7097
846,86.2353,88.7097
847,86.2353,88.6774
848,86.2353,88.6774
849,86.2353,88.6774
850,86.2353,88.6774
851,86.2353,88.6452
852,86.2353,88.6129
853,86.2353,88.6129
854,86.2353,88.6129
855,86.3529,88.6129
856,86.3529,88.6129
857,86.3529,88.6129
858,86.3529,88.6129
859,86.3529,88.6129
860,86.3529,88.6129
861,86.3529,88.5806
862,86.3529,88.5484
863,86.3529,88.5484
864,86.3529,88.5484
865,86.3529,88.6129
866,86.3529,88.6129
867,86.3529,88.6129
868,86.3529,88.6129
869,86.3529,88.6129
870,86.3529,88.5806
871,86.4706,88.5484
872,86.4706,88.5806
873,86.4706,88.5484
874,86.4706,88.5484
875,86.4706,88.5484
876,86.4706,88.5484
877,86.4706,88.5484
878,86.5882,88.5484
879,86.5882,88.5484
880,86.5882,88.5484
881,86.5882,88.5484
882,86.5882,88.5484
883,86.5882,88.5484
884,86.5882,88.5806
885,86.5882,88.5806
886,86.5882,88.5806
887,86.5882,88.5806
888,86.5882,88.5806
889,86.5882,88.5806
890,86.5882,88.5484
891,86.5882,88.5484
892,86.5882,88.5484
893,86.7059,88.5484
894,86.7059,88.5484
895,86.7059,88.5484
896,86.7059,88.5484
897,86.7059,88.5484
898,86.7059,88.5161
899,86.7059,88.5161
900,86.7059,88.5484
901,86.7059,88.5484
902,86.7059,88.5484
903,86.7059,88.5484
904,86.7059,88.5484
905,86.7059,88.5484
906,86.7059,88.5484
907,86.7059,88.5484
908,86.7059,88.5484
909,86.7059,88.5484
910,86.7059,88.5484
911,86.7059,88.5484
912,86.7059,88.5484
913,86.7059,88.5484
914,86.7059,88.5484
915,86.7059,88.5484
916,86.7059,88.5806
917,86.7059,88.6129
918,86.7059,88.6774
919,86.8235,88.6774
920,86.8235,88.6774
921,86.8235,88.6774
922,86.8235,88.7097
923,86.8235,88.7419
924,86.8235,88.7419
925,86.8235,88.7097
926,86.8235,88.7097
927,86.9412,88.7097
928,87.0588,88.7419
929,87.0588,88.7742
930,87.0588,88.7742
931,87.0588,88.7742
932,87.0588,88.7742
933,87.0588,88.8065
934,87.0588,88.8065
935,87.0588,88.7742
936,87.0588,88.7742
937,87.0588,88.7742
938,87.0588,88.8065
939,87.0588,88.8065
940,87.0588,88.8065
941,87.0588,88.871
942,87.0588,88.871
943,87.0588,88.9032
944,87.0588,88.9355
945,87.0588,88.9032
946,87.0588,88.9032
947,87.0588,88.9032
948,87.0588,88.9032
949,87.0588,88.9032
950,87.1765,88.9032
951,87.1765,88.871
952,87.1765,88.871
953,87.1765,88.871
954,87.1765,88.871
955,87.1765,88.871
956,87.1765,88.871
957,87.1765,88.871
958,87.1765,88.871
959,87.1765,88.871
960,87.1765,88.871
961,87.1765,88.871
962,87.1765,88.871
963,87.1765,88.871
964,87.1765,88.871
965,87.2941,88.871
966,87.2941,88.871
967,87.2941,88.9032
968,87.2941,88.9355
969,87.2941,88.9355
970,87.2941,88.9032
971,87.2941,88.9032
972,87.2941,88.9032
973,87.2941,88.9032
974,87.2941,88.9032
975,87.2941,88.9032
976,87.2941,88.9032
977,87.2941,88.9032
978,87.2941,88.9032
979,87.2941,88.9032
980,87.2941,88.9032
981,87.2941,88.9032
982,87.2941,88.9032
983,87.2941,88.9032
984,87.2941,88.9032
985,87.2941,88.9032
986,87.2941,88.9032
987,87.2941,88.9032
988,87.2941,88.9355
989,87.2941,88.9355
990,87.2941,88.9677
991,87.2941,88.9355
992,87.2941,88.9355
993,87.2941,88.9677
994,87.2941,88.9677
995,87.2941,89
996,87.2941,89
997,87.2941,89.0323
998,87.2941,89.0323
999,87.2941,89.0323
1000,87.2941,89.0323
1001,87.2941,89.0645
1002,87.2941,89.0968
1003,87.1765,89.129
1004,87.1765,89.129
1005,87.1765,89.129
1006,87.1765,89.129
1007,87.1765,89.129
1008,87.1765,89.129
1009,87.1765,89.129
1010,87.1765,89.129
1011,87.1765,89.129
1012,87.1765,89.129
1013,87.1765,89.129
1014,87.1765,89.129
1015,87.1765,89.1613
1016,87.1765,89.1613
1017,87.1765,89.1613
1018,87.1765,89.1613
1019,87.1765,89.1613
1020,87.1765,89.1935
1021,87.1765,89.1935
1022,87.1765,89.1935
1023,87.1765,89.1935
1024,87.1765,89.1935
1025,87.1765,89.1935
1026,87.1765,89.1935
1027,87.1765,89.2258
1028,87.1765,89.1935
1029,87.1765,89.1935
1030,87.1765,89.1935
1031,87.1765,89.2258
1032,87.1765,89.2581
1033,87.1765,89.2903
1034,87.1765,89.2903
1035,87.1765,89.2903
1036,87.1765,89.2903
1037,87.1765,89.2903
1038,87.1765,89.3226
1039,87.1765,89.3226
1040,87.1765,89.3226
1041,87.1765,89.3226
1042,87.1765,89.3226
1043,87.2941,89.3226
1044,87.2941,89.3226
1045,87.2941,89.2903
1046,87.2941,89.2903
1047,87.1765,89.2903
1048,87.1765,89.2903
1049,87.1765,89.2903
1050,87.1765,89.2903
1051,87.1765,89.2903
1052,87.2941,89.2903
1053,87.2941,89.2903
1054,87.2941,89.2903
1055,87.2941,89.2903
1056,87.2941,89.2903
1057,87.2941,89.2903
1058,87.2941,89.2903
1059,87.2941,89.2903
1060,87.2941,89.2903
1061,87.2941,89.3226
1062,87.2941,89.2903
1063,87.2941,89.2903
1064,87.2941,89.3226
1065,87.2941,89.3226
1066,87.2941,89.3226
1067,87.2941,89.3226
1068,87.2941,89.3226
1069,87.2941,89.3226
1070,87.2941,89.3226
1071,87.2941,89.3226
1072,87.2941,89.3226
1073,87.2941,89.3548
1074,87.2941,89.3548
1075,87.2941,89.3548
1076,87.2941,89.3871
1077,87.2941,89.3871
1078,87.2941,89.3871
1079,87.2941,89.3548
1080,87.2941,89.3548
1081,87.2941,89.3548
1082,87.2941,89.3226
1083,87.2941,89.3226
1084,87.2941,89.3226
1085,87.2941,89.3226
1086,87.2941,89.3226
1087,87.2941,89.3226
1088,87.2941,89.3226
1089,87.2941,89.3548
1090,87.2941,89.3548
1091,87.2941,89.3871
1092,87.2941,89.3871
1093,87.2941,89.4194
1094,87.2941,89.4194
1095,87.2941,89.4194
1096,87.2941,89.4194
1097,87.2941,89.4194
1098,87.2941,89.4194
1099,87.4118,89.4194
1100,87.4118,89.4516
1101,87.4118,89.4516
1102,87.4118,89.4516
1103,87.4118,89.4516
1104,87.4118,89.4516
1105,87.4118,89.4194
1106,87.4118,89.4194
1107,87.4118,89.4194
1108,87.4118,89.4194
1109,87.4118,89.4194
1110,87.4118,89.4194
1111,87.4118,89.4194
1112,87.4118,89.4194
1113,87.4118,89.4194
1114,87.4118,89.4194
1115,87.4118,89.4194
1116,87.4118,89.4194
1117,87.4118,89.4194
1118,87.4118,89.4194
1119,87.4118,89.4194
1120,87.4118,89.4194
1121,87.4118,89.4194
1122,87.4118,89.4194
1123,87.4118,89.4194
1124,87.4118,89.4194
1125,87.2941,89.4194
1126,87.2941,89.4194
1127,87.4118,89.4516
1128,87.4118,89.4516
1129,87.4118,89.4516
1130,87.4118,89.4839
1131,87.4118,89.4839
1132,87.4118,89.4839
1133,87.4118,89.4839
1134,87.4118,89.4839
1135,87.4118,89.4839
1136,87.4118,89.4839
1137,87.4118,89.4839
1138,87.4118,89.5161
1139,87.2941,89.5484
1140,87.2941,89.5484
1141,87.2941,89.5484
1142,87.2941,89.5484
1143,87.2941,89.5484
1144,87.4118,89.5161
1145,87.4118,89.5161
1146,87.4118,89.4839
1147,87.4118,89.4839
1148,87.4118,89.4839
1149,87.4118,89.4839
1150,87.4118,89.4839
1151,87.2941,89.4839
1152,87.2941,89.4839
1153,87.2941,89.4839
1154,87.2941,89.4839
1155,87.2941,89.4839
1156,87.2941,89.4839
1157,87.2941,89.4839
1158,87.2941,89.4839
1159,87.2941,89.4839
1160,87.2941,89.4516
1161,87.2941,89.4516
1162,87.2941,89.4516
1163,87.2941,89.4516
1164,87.2941,89.4516
1165,87.2941,89.4516
1166,87.2941,89.4839
1167,87.2941,89.4839
1168,87.2941,89.4839
1169,87.2941,89.4839
1170,87.2941,89.4839
1171,87.2941,89.4839
1172,87.2941,89.4516
1173,87.2941,89.4516
1174,87.2941,89.4516
1175,87.1765,89.4516
1176,87.1765,89.4194
1177,87.1765,89.4194
1178,87.1765,89.4194
1179,87.1765,89.4194
1180,87.1765,89.4516
1181,87.1765,89.4516
1182,87.1765,89.4516
1183,87.1765,89.4516
1184,87.1765,89.4516
1185,87.1765,89.4516
1186,87.1765,89.4839
1187,87.1765,89.4839
1188,87.1765,89.4194
1189,87.1765,89.4194
1190,87.1765,89.4194
1191,87.1765,89.4194
1192,87.1765,89.4516
1193,87.1765,89.4516
1194,87.1765,89.4516
1195,87.1765,89.4516
1196,87.1765,89.4839
1197,87.1765,89.4839
1198,87.1765,89.4839
1199,87.1765,89.4839
1200,87.1765,89.4839
1201,87.0588,89.4839
1202,87.0588,89.4839
1203,87.0588,89.4839
1204,87.0588,89.4839
1205,87.0588,89.4839
1206,87.0588,89.4839
1207,87.0588,89.4839
1208,87.0588,89.5161
1209,87.0588,89.5484
1210,87.0588,89.5484
1211,87.0588,89.5806
1212,87.0588,89.5806
1213,87.0588,89.5806
1214,87.0588,89.5806
1215,87.0588,89.5806
1216,87.0588,89.5806
1217,87.0588,89.5806
1218,87.0588,89.5806
1219,87.0588,89.5806
1220,87.0588,89.6129
1221,87.0588,89.6129
1222,87.0588,89.6129
1223,87.0588,89.6129
1224,87.0588,89.6129
1225,87.0588,89.6129
1226,87.0588,89.6452
1227,87.0588,89.6452
1228,87.0588,89.6452
1229,87.0588,89.6452
1230,87.0588,89.6452
1231,87.0588,89.6452
1232,87.0588,89.6452
1233,87.0588,89.6452
1234,87.0588,89.6452
1235,87.0588,89.6774
1236,87.0588,89.6774
1237,87.0588,89.6452
1238,87.0588,89.6452
1239,87.0588,89.6452
1240,87.0588,89.6774
1241,87.0588,89.6774
1242,87.0588,89.6774
1243,87.0588,89.6774
1244,87.0588,89.6774
1245,87.0588,89.6774
1246,87.0588,89.6774
1247,87.0588,89.6774
1248,87.0588,89.6452
1249,87.1765,89.6452
1250,87.1765,89.6774
1251,87.1765,89.6774
1252,87.1765,89.6774
1253,87.1765,89.6774
1254,87.1765,89.6452
1255,87.1765,89.6452
1256,87.1765,89.6452
1257,87.1765,89.6452
1258,87.1765,89.6774
1259,87.1765,89.6774
1260,87.1765,89.6774
1261,87.1765,89.6774
1262,87.1765,89.6774
1263,87.1765,89.7097
1264,87.1765,89.7742
1265,87.2941,89.7742
1266,87.2941,89.7742
1267,87.2941,89.7742
1268,87.2941,89.7742
1269,87.2941,89.7742
1270,87.2941,89.7742
1271,87.2941,89.7742
1272,87.2941,89.7742
1273,87.2941,89.7742
1274,87.2941,89.7742
1275,87.2941,89.8065
1276,87.2941,89.8065
1277,87.2941,89.8387
1278,87.2941,89.8387
1279,87.2941,89.8387
1280,87.2941,89.8387
1281,87.5294,89.7742
1282,87.6471,89.7742
1283,87.6471,89.7742
1284,87.7647,89.7742
1285,87.7647,89.7742
1286,87.7647,89.7742
1287,87.7647,89.7742
1288,87.7647,89.7742
1289,87.7647,89.7742
1290,87.7647,89.7742
1291,87.7647,89.7742
1292,87.6471,89.7742
1293,87.7647,89.7742
1294,87.7647,89.7742
1295,87.7647,89.7742
1296,87.7647,89.7742
1297,87.7647,89.7742
1298,87.7647,89.7742
1299,87.7647,89.7742
1300,87.7647,89.7742
1301,87.7647,89.7742
1302,87.7647,89.7742
1303,87.7647,89.7742
1304,87.7647,89.7742
1305,87.7647,89.8065
1306,87.7647,89.8387
1307,87.7647,89.8387
1308,87.7647,89.8387
1309,87.7647,89.8387
1310,87.7647,89.871
1311,87.7647,89.871
1312,87.7647,89.871
1313,87.8824,89.871
1314,87.8824,89.8387
1315,87.8824,89.8387
1316,87.8824,89.8387
1317,87.8824,89.8387
1318,87.8824,89.8387
1319,87.8824,89.8387
1320,87.8824,89.8387
1321,88,89.9032
1322,88,89.9032
1323,88,89.9032
1324,88,89.9032
1325,88,89.9032
1326,88,89.9032
1327,88,89.871
1328,88,89.871
1329,88,89.871
1330,88,89.871
1331,88,89.871
1332,88,89.871
1333,88,89.871
1334,88.1176,89.871
1335,88.1176,89.871
1336,88.1176,89.871
1337,88.1176,89.871
1338,88.1176,89.871
1339,88.1176,89.871
1340,88.1176,89.871
1341,88.1176,89.871
1342,88.1176,89.871
1343,88.1176,89.871
1344,88.1176,89.9032
1345,88.1176,89.9032
1346,88.1176,89.9032
1347,88.1176,89.9355
1348,88.1176,89.9355
1349,88.1176,89.9355
1350,88.1176,89.9355
1351,88.1176,89.9677
1352,88.1176,89.9677
1353,88.1176,89.9677
1354,88.1176,89.9677
1355,88.1176,89.9677
1356,88.1176,90.0323
1357,88.1176,90.0645
1358,88.1176,90.0645
1359,88.1176,90.0645
1360,88.1176,90.0645
1361,88.1176,90.0968
1362,88.1176,90.0968
1363,88.1176,90.0968
1364,88.1176,90.0968
1365,88.1176,90.0968
1366,88,90.0968
1367,88.1176,90.0968
1368,88.1176,90.0968
1369,88.1176,90.0968
1370,88.1176,90.0645
1371,88.1176,90.0645
1372,88.1176,90.0645
1373,88.1176,90.0645
1374,88.1176,90.0968
1375,88.1176,90.0968
1376,88.1176,90.0968
1377,88.1176,90.0968
1378,88.1176,90.0968
1379,88.1176,90.0968
1380,88.2353,90.0968
1381,88.2353,90.0968
1382,88.2353,90.0968
1383,88.3529,90.0968
1384,88.3529,90.0968
1385,88.3529,90.0968
1386,88.3529,90.0968
1387,88.3529,90.0968
1388,88.3529,90.0968
1389,88.3529,90.0968
1390,88.3529,90.0645
1391,88.3529,90.0968
1392,88.3529,90.0968
1393,88.3529,90.0968
1394,88.3529,90.0968
1395,88.3529,90.0968
1396,88.3529,90.0968
1397,88.3529,90.0968
1398,88.3529,90.0968
1399,88.3529,90.0968
1400,88.3529,90.0968
1401,88.3529,90.0968
1402,88.3529,90.0968
1403,88.3529,90.0968
1404,88.3529,90.0968
1405,88.3529,90.0968
1406,88.3529,90.0968
1407,88.3529,90.0968
1408,88.3529,90.0968
1409,88.3529,90.0968
1410,88.3529,90.0968
1411,88.3529,90.0968
1412,88.3529,90.129
1413,88.3529,90.1613
1414,88.3529,90.129
1415,88.3529,90.129
1416,88.3529,90.129
1417,88.3529,90.129
1418,88.3529,90.0968
1419,88.3529,90.0968
1420,88.3529,90.0968
1421,88.2353,90.129
1422,88.2353,90.129
1423,88.2353,90.129
1424,88.2353,90.129
1425,88.2353,90.129
1426,88.2353,90.129
1427,88.2353,90.129
1428,88.2353,90.129
1429,88.2353,90.129
1430,88.2353,90.129
1431,88.2353,90.129
1432,88.2353,90.129
1433,88.2353,90.129
1434,88.2353,90.129
1435,88.2353,90.129
1436,88.2353,90.129
1437,88.2353,90.129
1438,88.2353,90.1613
1439,88.2353,90.1935
1440,88.2353,90.1935
1441,88.2353,90.1935
1442,88.2353,90.1613
1443,88.1176,90.1613
1444,88.1176,90.1935
1445,88.1176,90.2581
1446,88.1176,90.2581
1447,88,90.2581
1448,88,90.2581
1449,88,90.2903
1450,88,90.2903
1451,88,90.3226
1452,88,90.3226
1453,88,90.3226
1454,88,90.3226
1455,88,90.3871
1456,88,90.3871
1457,88,90.3871
1458,88,90.3871
1459,88,90.3871
1460,88.1176,90.3871
1461,88.1176,90.3871
1462,88.1176,90.3871
1463,88.1176,90.3871
1464,88.1176,90.3871
1465,88.1176,90.3871
1466,88.1176,90.3548
1467,88.1176,90.3548
1468,88.1176,90.3226
1469,88.1176,90.3226
1470,88.1176,90.3226
1471,88.1176,90.3226
1472,88.1176,90.3226
1473,88.1176,90.2903
1474,88.1176,90.3226
1475,88.1176,90.3226
1476,88.1176,90.2903
1477,88.1176,90.2903
1478,88.1176,90.3226
1479,88.1176,90.3548
1480,88.1176,90.3548
1481,88.1176,90.3548
1482,88.1176,90.3548
1483,88.1176,90.3548
1484,88.1176,90.3548
1485,88.1176,90.3548
1486,88.1176,90.3548
1487,88.1176,90.3548
1488,88.1176,90.3548
1489,88.1176,90.3548
1490,88.1176,90.3226
1491,88.1176,90.3226
1492,88.1176,90.3226
1493,88.1176,90.3226
1494,88.1176,90.3226
1495,88.1176,90.3226
1496,88.1176,90.3226
1497,88.1176,90.3226
1498,88.1176,90.3226
1499,88.1176,90.3226
1500,88.1176,90.3226
1501,88.1176,90.3226
1502,88.1176,90.3226
1503,88.1176,90.3226
1504,88.1176,90.3226
1505,88.1176,90.3226
1506,88.1176,90.3226
1507,88.1176,90.3548
1508,88.1176,90.3548
1509,88.1176,90.3548
1510,88.2353,90.3548
1511,88.2353,90.3548
1512,88.2353,90.3548
1513,88.2353,90.3548
1514,88.2353,90.3226
1515,88.2353,90.3226
1516,88.2353,90.3226
1517,88.2353,90.3226
1518,88.2353,90.3226
1519,88.2353,90.3226
1520,88.2353,90.3548
1521,88.2353,90.3548
1522,88.2353,90.3548
1523,88.2353,90.3548
1524,88.2353,90.3548
1525,88.2353,90.3548
1526,88.2353,90.3548
1527,88.2353,90.3548
1528,88.2353,90.3548
1529,88.2353,90.3548
1530,88.2353,90.3548
1531,88.2353,90.3548
1532,88.2353,90.3548
1533,88.2353,90.3871
1534,88.2353,90.3871
1535,88.2353,90.3871
1536,88.2353,90.3871
1537,88.2353,90.3871
1538,88.2353,90.3871
1539,88.2353,90.3871
1540,88.2353,90.3871
1541,88.1176,90.3871
1542,88.1176,90.3871
1543,88.1176,90.3871
1544,88.1176,90.3871
1545,88.1176,90.3548
1546,88.1176,90.3548
1547,88.1176,90.4516
1548,88.1176,90.4194
1549,88.1176,90.4194
1550,88.1176,90.4194
1551,88.1176,90.4194
1552,88.1176,90.4194
1553,88.1176,90.4194
1554,88.1176,90.4194
1555,88.1176,90.4194
1556,88.1176,90.4194
1557,88.1176,90.4194
1558,88.1176,90.4194
1559,88.1176,90.4194
1560,88.1176,90.4194
1561,88.1176,90.4194
1562,88.1176,90.3871
1563,88.1176,90.4194
1564,88.1176,90.4194
1565,88.1176,90.4516
1566,88.1176,90.4516
1567,88.1176,90.4516
1568,88.1176,90.4516
1569,88.1176,90.4194
1570,88.1176,90.4516
1571,88.1176,90.4516
1572,88.1176,90.4516
1573,88.1176,90.4516
1574,88.1176,90.4516
1575,88.1176,90.4516
1576,88.1176,90.4516
1577,88.1176,90.4516
1578,88.1176,90.4516
1579,88.1176,90.4516
1580,88.1176,90.4516
1581,88.1176,90.4516
1582,88.1176,90.4516
1583,88.1176,90.4516
1584,88.1176,90.4516
1585,88.1176,90.4516
1586,88.1176,90.4516
1587,88.1176,90.3871
1588,88.1176,90.3871
1589,88.1176,90.3871
1590,88.1176,90.3871
1591,88.1176,90.4194
1592,88.1176,90.4194
1593,88.1176,90.4194
1594,88.1176,90.4516
1595,88.1176,90.4839
1596,88.1176,90.4839
1597,88.1176,90.5161
1598,88.1176,90.5161
1599,88.1176,90.5161
1600,88.1176,90.5161
1601,88.1176,90.4839
1602,88.2353,90.4839
1603,88.2353,90.4839
1604,88.3529,90.4839
1605,88.3529,90.4839
1606,88.3529,90.4839
1607,88.3529,90.4839
1608,88.3529,90.4839
1609,88.3529,90.4839
1610,88.3529,90.4839
1611,88.3529,90.4839
1612,88.3529,90.5161
1613,88.3529,90.5161
1614,88.4706,90.5161
1615,88.4706,90.5161
1616,88.4706,90.4839
1617,88.4706,90.4839
1618,88.4706,90.4839
1619,88.4706,90.4839
1620,88.4706,90.4839
1621,88.4706,90.4839
1622,88.4706,90.4839
1623,88.4706,90.4839
1624,88.4706,90.4839
1625,88.4706,90.4839
1626,88.4706,90.4839
1627,88.4706,90.4516
1628,88.4706,90.4516
1629,88.4706,90.4516
1630,88.4706,90.4516
1631,88.4706,90.4516
1632,88.4706,90.4516
1633,88.5882,90.4516
1634,88.5882,90.4516
1635,88.5882,90.4516
1636,88.5882,90.4516
1637,88.5882,90.4516
1638,88.5882,90.4516
1639,88.5882,90.4839
1640,88.5882,90.4839
1641,88.5882,90.4516
1642,88.5882,90.4516
1643,88.5882,90.4516
1644,88.5882,90.4194
1645,88.5882,90.4194
1646,88.5882,90.4194
1647,88.5882,90.4194
1648,88.5882,90.4194
1649,88.5882,90.4194
1650,88.5882,90.4194
1651,88.5882,90.4194
1652,88.5882,90.4194
1653,88.4706,90.4194
1654,88.4706,90.4194
1655,88.4706,90.4194
1656,88.4706,90.4194
1657,88.4706,90.4194
1658,88.4706,90.4194
1659,88.5882,90.4194
1660,88.5882,90.4194
1661,88.5882,90.4194
1662,88.5882,90.4194
1663,88.5882,90.4194
1664,88.5882,90.4194
1665,88.5882,90.4194
1666,88.5882,90.4194
1667,88.5882,90.4194
1668,88.5882,90.4194
1669,88.5882,90.4516
1670,88.5882,90.4516
1671,88.5882,90.4516
1672,88.5882,90.4516
1673,88.5882,90.4516
1674,88.5882,90.4516
1675,88.5882,90.4516
1676,88.5882,90.4839
1677,88.5882,90.4839
1678,88.5882,90.4839
1679,88.5882,90.4839
1680,88.5882,90.4839
1681,88.5882,90.4839
1682,88.5882,90.4839
1683,88.5882,90.4839
1684,88.5882,90.4839
1685,88.5882,90.4839
1686,88.5882,90.4839
1687,88.5882,90.4839
1688,88.5882,90.4839
1689,88.5882,90.4839
1690,88.5882,90.4839
1691,88.5882,90.4839
1692,88.5882,90.4839
1693,88.5882,90.4839
1694,88.5882,90.4516
1695,88.5882,90.4194
1696,88.5882,90.4194
1697,88.5882,90.4516
1698,88.5882,90.4516
1699,88.5882,90.4516
1700,88.5882,90.4839
1701,88.5882,90.5161
1702,88.4706,90.5161
1703,88.4706,90.5161
1704,88.4706,90.5161
1705,88.4706,90.5161
1706,88.4706,90.5161
1707,88.4706,90.5484
1708,88.4706,90.5484
1709,88.4706,90.5484
1710,88.4706,90.5484
1711,88.4706,90.5484
1712,88.4706,90.5484
1713,88.4706,90.5806
1714,88.4706,90.5806
1715,88.4706,90.5806
1716,88.4706,90.6129
1717,88.4706,90.6129
1718,88.4706,90.6452
1719,88.4706,90.6452
1720,88.4706,90.6452
1721,88.4706,90.6452
1722,88.4706,90.6774
1723,88.4706,90.6452
1724,88.4706,90.6452
1725,88.4706,90.6774
1726,88.4706,90.6774
1727,88.3529,90.7097
1728,88.3529,90.7097
1729,88.3529,90.7097
1730,88.3529,90.7097
1731,88.3529,90.7097
1732,88.3529,90.7097
1733,88.3529,90.7097
1734,88.3529,90.7097
1735,88.3529,90.7097
1736,88.3529,90.7097
1737,88.3529,90.7097
1738,88.3529,90.7097
1739,88.3529,90.7097
1740,88.3529,90.7419
1741,88.3529,90.7419
1742,88.3529,90.7419
1743,88.3529,90.7742
1744,88.3529,90.8065
1745,88.3529,90.8065
1746,88.3529,90.8065
1747,88.3529,90.8065
1748,88.3529,90.8065
1749,88.3529,90.8065
1750,88.3529,90.8065
1751,88.3529,90.8387
1752,88.3529,90.8387
1753,88.3529,90.8387
1754,88.3529,90.8387
1755,88.3529,90.8387
1756,88.3529,90.8387
1757,88.3529,90.8387
1758,88.3529,90.8387
1759,88.3529,90.8387
1760,88.3529,90.8387
1761,88.3529,90.8065
1762,88.3529,90.8065
1763,88.3529,90.8065
1764,88.3529,90.8065
1765,88.3529,90.8065
1766,88.3529,90.8065
1767,88.3529,90.8065
1768,88.3529,90.7742
1769,88.3529,90.7742
1770,88.3529,90.7742
1771,88.3529,90.8065
1772,88.3529,90.8065
1773,88.2353,90.8065
1774,88.2353,90.8065
1775,88.2353,90.8065
1776,88.2353,90.7742
1777,88.2353,90.7742
1778,88.2353,90.7742
1779,88.2353,90.7742
1780,88.2353,90.7742
1781,88.2353,90.8065
1782,88.2353,90.8065
1783,88.2353,90.8065
1784,88.1176,90.8065
1785,88.1176,90.8065
1786,88.1176,90.8065
1787,88.1176,90.8387
1788,88.1176,90.8387
1789,88.1176,90.8387
1790,88.1176,90.871
1791,88.1176,90.871
1792,88.1176,90.871
1793,88.1176,90.871
1794,88.1176,90.871
1795,88.1176,90.871
1796,88.1176,90.871
1797,88.1176,90.871
1798,88.1176,90.9032
1799,88.1176,90.9032
1800,88.1176,90.871
1801,88.1176,90.871
1802,88.1176,90.871
1803,88.1176,90.871
1804,88.1176,90.9032
1805,88.1176,90.9032
1806,88.1176,90.9032
1807,88.1176,90.9032
1808,88.1176,90.9032
1809,88.1176,90.9032
1810,88.1176,90.9032
1811,88.1176,90.9032
1812,88.1176,90.9032
1813,88.1176,90.9032
1814,88.1176,90.9032
1815,88.1176,90.9032
1816,88.1176,90.9032
1817,88.1176,90.9032
1818,88.1176,90.9032
1819,88,90.9032
1820,88,90.9355
1821,88,90.9355
1822,88,90.9355
1823,88,90.9032
1824,88,90.9032
1825,88,90.9032
1826,88,90.9032
1827,88,90.9032
1828,88,90.9032
1829,88,90.9032
1830,88,90.9032
1831,88,90.9032
1832,88,90.9032
1833,88,90.9032
1834,88,90.9032
1835,87.8824,90.9032
1836,87.8824,90.9032
1837,87.8824,90.9032
1838,87.8824,90.9032
1839,87.8824,90.9355
1840,87.8824,90.9032
1841,87.8824,90.9032
1842,87.8824,90.9032
1843,87.8824,90.9032
1844,87.8824,90.9032
1845,87.8824,90.9032
1846,87.8824,90.9032
1847,87.8824,90.9032
1848,87.8824,90.9032
1849,87.8824,90.9032
1850,87.8824,90.9032
1851,87.8824,90.9032
1852,87.8824,90.9032
1853,87.8824,90.871
1854,87.8824,90.871
1855,87.8824,90.871
1856,87.8824,90.871
1857,87.8824,90.871
1858,87.8824,90.871
1859,87.8824,90.871
1860,87.8824,90.871
1861,87.8824,90.871
1862,87.8824,90.871
1863,87.8824,90.871
1864,87.8824,90.871
1865,87.8824,90.871
1866,87.8824,90.9032
1867,87.8824,90.9032
1868,87.8824,90.9032
1869,87.8824,90.9032
1870,88,90.9032
1871,88,90.9032
1872,88,90.9032
1873,88,90.9032
1874,88,90.9032
1875,88,90.9032
1876,88,90.9032
1877,88,90.9032
1878,88,90.9032
1879,88,90.9032
1880,88,90.9032
1881,88,90.9032
1882,88,90.9032
1883,88,90.9032
1884,88,90.9032
1885,88,90.9032
1886,88,90.9032
1887,88,90.9032
1888,88,90.9355
1889,88,90.9355
1890,88,90.9032
1891,88,90.9032
1892,88,90.9032
1893,88,90.9032
1894,88,90.9032
1895,88,90.9032
1896,88,90.9032
1897,87.8824,90.9355
1898,87.8824,90.9355
1899,87.8824,90.9355
1900,87.8824,90.9355
1901,87.8824,90.9032
1902,87.8824,90.9032
1903,87.8824,90.9032
1904,87.8824,90.9032
1905,87.8824,90.9032
1906,87.8824,90.9032
1907,87.8824,90.9032
1908,87.8824,90.9032
1909,87.8824,90.9032
1910,87.8824,90.9032
1911,87.8824,90.9032
1912,87.8824,90.9032
1913,87.8824,90.9032
1914,87.8824,90.9032
1915,87.8824,90.9032
1916,88,90.9032
1917,88,90.9032
1918,88,90.9032
1919,88,90.9032
1920,88,90.9032
1921,88,90.9032
1922,88,90.871
1923,88,90.871
1924,88,90.871
1925,88,90.8387
1926,88,90.8387
1927,88,90.8387
1928,88,90.8387
1929,88,90.871
1930,88,90.871
1931,88,90.871
1932,88,90.871
1933,88,90.8387
1934,88,90.8387
1935,88,90.8387
1936,88,90.8387
1937,88,90.871
1938,88,90.871
1939,88,90.871
1940,88,90.871
1941,88,90.871
1942,88,90.871
1943,88,90.9032
1944,88,90.9032
1945,88,90.9032
1946,88,90.9032
1947,88,90.9032
1948,88,90.9032
1949,88,90.9032
1950,88,90.9032
1951,88,90.9032
1952,88,90.9032
1953,88,90.9032
1954,88,90.9032
1955,88,90.9032
1956,88,90.9032
1957,88,90.871
1958,88.1176,90.871
1959,88.1176,90.871
1960,88.1176,90.8387
1961,88.1176,90.871
1962,88.1176,90.871
1963,88.1176,90.871
1964,88.1176,90.871
1965,88.1176,90.871
1966,88.1176,90.871
1967,88.1176,90.871
1968,88.1176,90.871
1969,88.1176,90.871
1970,88.1176,90.871
1971,88.1176,90.871
1972,88.1176,90.9032
1973,88.2353,90.9032
1974,88.2353,90.9032
1975,88.2353,90.9032
1976,88.2353,90.9032
1977,88.2353,90.9032
1978,88.2353,90.9032
1979,88.2353,90.9355
1980,88.2353,90.9032
1981,88.2353,90.9032
1982,88.2353,90.9032
1983,88.2353,90.9355
1984,88.2353,90.9355
1985,88.2353,90.9355
1986,88.2353,90.9355
1987,88.2353,90.9355
1988,88.2353,90.9355
1989,88.2353,90.9355
1990,88.2353,90.9355
1991,88.2353,90.9355
1992,88.2353,90.9355
1993,88.2353,90.9355
1994,88.2353,90.9677
1995,88.2353,90.9677
1996,88.2353,90.9677
1997,88.2353,90.9677
1998,88.2353,90.9677
1999,88.2353,90.9677
2000,88.2353,90.9677
2001,88.2353,90.9677
2002,88.2353,90.9677
2003,88.2353,91
2004,88.2353,91.0323
2005,88.2353,91.0323
2006,88.2353,91.0323
2007,88.2353,91
2008,88.2353,91
2009,88.2353,91
2010,88.2353,90.9677
2011,88.2353,90.9677
2012,88.2353,90.9677
2013,88.2353,90.9677
2014,88.2353,90.9677
2015,88.2353,91
2016,88.3529,91
2017,88.3529,91
2018,88.3529,91
2019,88.3529,91
2020,88.3529,91
2021,88.3529,91
2022,88.3529,91
2023,88.3529,91
2024,88.3529,91
2025,88.3529,91
2026,88.3529,91
2027,88.3529,91
2028,88.3529,91
2029,88.3529,91
2030,88.3529,91
2031,88.3529,91
2032,88.3529,91
2033,88.3529,91
2034,88.3529,91
2035,88.3529,91
2036,88.3529,91
2037,88.3529,91
2038,88.3529,91
2039,88.3529,91
2040,88.3529,91
2041,88.3529,91
2042,88.3529,91
2043,88.3529,91
2044,88.3529,91
2045,88.3529,91
2046,88.3529,91
2047,88.3529,91
2048,88.3529,91
2049,88.3529,91
2050,88.3529,91
2051,88.3529,91
2052,88.4706,91
2053,88.4706,91
2054,88.4706,91
2055,88.4706,91
2056,88.4706,91
2057,88.4706,91
2058,88.4706,91
2059,88.4706,91.0323
2060,88.4706,91.0323
2061,88.4706,91.0323
2062,88.4706,91.0323
2063,88.4706,91.0323
2064,88.4706,91.0323
2065,88.4706,91.0323
2066,88.4706,91.0323
2067,88.4706,91.0323
2068,88.4706,91.0323
2069,88.4706,91.0323
2070,88.4706,91.0323
2071,88.4706,91.0323
2072,88.4706,91.0645
2073,88.4706,91.0645
2074,88.4706,91.0645
2075,88.4706,91.0645
2076,88.4706,91.0645
2077,88.4706,91.0968
2078,88.4706,91.0968
2079,88.4706,91.0968
2080,88.4706,91.0968
2081,88.4706,91.129
2082,88.4706,91.129
2083,88.4706,91.129
2084,88.4706,91.129
2085,88.4706,91.129
2086,88.4706,91.129
2087,88.4706,91.129
2088,88.4706,91.1613
2089,88.4706,91.1613
2090,88.4706,91.1613
2091,88.4706,91.1613
2092,88.4706,91.1613
2093,88.4706,91.1613
2094,88.4706,91.1613
2095,88.4706,91.1613
2096,88.4706,91.1613
2097,88.4706,91.1613
2098,88.4706,91.1613
2099,88.4706,91.1613
2100,88.4706,91.129
2101,88.4706,91.129
2102,88.4706,91.129
2103,88.4706,91.129
2104,88.4706,91.129
2105,88.4706,91.129
2106,88.4706,91.129
2107,88.4706,91.129
2108,88.4706,91.129
2109,88.4706,91.129
2110,88.4706,91.129
2111,88.4706,91.129
2112,88.4706,91.129
2113,88.4706,91.129
2114,88.4706,91.0968
2115,88.4706,91.0968
2116,88.4706,91.0968
2117,88.4706,91.0968
2118,88.4706,91.0968
2119,88.4706,91.0968
2120,88.4706,91.129
2121,88.4706,91.129
2122,88.4706,91.1613
2123,88.4706,91.1613
2124,88.3529,91.1613
2125,88.3529,91.1613
2126,88.3529,91.1613
2127,88.3529,91.1613
2128,88.3529,91.1613
2129,88.3529,91.1613
2130,88.3529,91.1613
2131,88.3529,91.1613
2132,88.3529,91.1613
2133,88.4706,91.1613
2134,88.4706,91.1613
2135,88.4706,91.1613
2136,88.4706,91.1935
2137,88.4706,91.1935
2138,88.4706,91.1935
2139,88.4706,91.1935
2140,88.4706,91.1935
2141,88.4706,91.1935
2142,88.4706,91.1935
2143,88.4706,91.1935
2144,88.4706,91.1935
2145,88.4706,91.1935
2146,88.4706,91.1935
2147,88.4706,91.2258
2148,88.4706,91.2258
2149,88.4706,91.2258
2150,88.4706,91.1935
2151,88.4706,91.1935
2152,88.4706,91.1935
2153,88.4706,91.1935
2154,88.4706,91.1935
2155,88.4706,91.1935
2156,88.4706,91.1613
2157,88.5882,91.1613
2158,88.5882,91.1613
2159,88.5882,91.1613
2160,88.5882,91.1613
2161,88.5882,91.1613
2162,88.5882,91.1935
2163,88.5882,91.1935
2164,88.5882,91.1935
2165,88.5882,91.1935
2166,88.5882,91.1935
2167,88.5882,91.1935
2168,88.5882,91.1935
2169,88.5882,91.1935
2170,88.5882,91.1935
2171,88.5882,91.1935
2172,88.5882,91.1935
2173,88.5882,91.1935
2174,88.5882,91.1935
2175,88.5882,91.1935
2176,88.5882,91.1935
2177,88.5882,91.1935
2178,88.5882,91.1935
2179,88.5882,91.1935
2180,88.5882,91.1935
2181,88.5882,91.1935
2182,88.5882,91.1935
2183,88.5882,91.1935
2184,88.5882,91.1935
2185,88.5882,91.1935
2186,88.5882,91.1935
2187,88.5882,91.1935
2188,88.5882,91.1935
2189,88.5882,91.1935
2190,88.5882,91.1935
2191,88.5882,91.1935
2192,88.5882,91.1935
2193,88.5882,91.1935
2194,88.5882,91.1935
2195,88.5882,91.1935
2196,88.5882,91.1935
2197,88.5882,91.1935
2198,88.5882,91.1935
2199,88.5882,91.1935
2200,88.5882,91.1935
2201,88.5882,91.1935
2202,88.5882,91.1935
2203,88.5882,91.1935
2204,88.5882,91.1935
2205,88.5882,91.1935
2206,88.5882,91.1935
2207,88.5882,91.1935
2208,88.5882,91.1613
2209,88.5882,91.1613
2210,88.5882,91.1613
2211,88.5882,91.1613
2212,88.5882,91.1613
2213,88.5882,91.1613
2214,88.5882,91.1613
2215,88.5882,91.1613
2216,88.5882,91.1613
2217,88.5882,91.1613
2218,88.5882,91.1613
2219,88.5882,91.1613
2220,88.5882,91.1613
2221,88.5882,91.1613
2222,88.5882,91.1613
2223,88.5882,91.1935
2224,88.5882,91.1935
2225,88.5882,91.1935
2226,88.5882,91.1935
2227,88.5882,91.1935
2228,88.5882,91.1935
2229,88.5882,91.1935
2230,88.4706,91.1935
2231,88.4706,91.1935
2232,88.4706,91.1935
2233,88.4706,91.1935
2234,88.4706,91.1935
2235,88.4706,91.1935
2236,88.4706,91.1935
2237,88.4706,91.1935
2238,88.4706,91.1935
2239,88.4706,91.1935
2240,88.4706,91.1935
2241,88.4706,91.1935
2242,88.4706,91.1935
2243,88.4706,91.1935
2244,88.4706,91.1935
2245,88.4706,91.1935
2246,88.4706,91.1935
2247,88.4706,91.1935
2248,88.4706,91.1935
2249,88.4706,91.1935
2250,88.4706,91.1935
2251,88.4706,91.1935
2252,88.4706,91.1935
2253,88.4706,91.2258
2254,88.4706,91.2258
2255,88.4706,91.2258
2256,88.4706,91.2258
2257,88.4706,91.2258
2258,88.4706,91.2258
2259,88.4706,91.2258
2260,88.4706,91.2258
2261,88.5882,91.2258
2262,88.5882,91.2258
2263,88.5882,91.2258
2264,88.5882,91.2258
2265,88.5882,91.2258
2266,88.5882,91.2258
2267,88.5882,91.2258
2268,88.5882,91.2258
2269,88.5882,91.2258
2270,88.5882,91.2258
2271,88.5882,91.2258
2272,88.5882,91.2258
2273,88.5882,91.2258
2274,88.5882,91.1935
2275,88.5882,91.1935
2276,88.5882,91.1935
2277,88.5882,91.2258
2278,88.5882,91.2258
2279,88.5882,91.2258
2280,88.5882,91.2258
2281,88.5882,91.2258
2282,88.5882,91.2581
2283,88.5882,91.2581
2284,88.5882,91.2581
2285,88.5882,91.2581
2286,88.5882,91.2581
2287,88.5882,91.2581
2288,88.5882,91.2581
2289,88.5882,91.2581
2290,88.5882,91.2903
2291,88.5882,91.2903
2292,88.5882,91.2903
2293,88.5882,91.2903
2294,88.5882,91.3226
2295,88.5882,91.3226
2296,88.5882,91.3226
2297,88.5882,91.3226
2298,88.5882,91.3226
2299,88.5882,91.3226
2300,88.5882,91.3226
2301,88.5882,91.3226
2302,88.5882,91.3226
2303,88.5882,91.3226
2304,88.5882,91.3226
2305,88.5882,91.3226
2306,88.5882,91.3871
2307,88.5882,91.3871
2308,88.7059,91.3871
2309,88.7059,91.3871
2310,88.7059,91.3871
2311,88.7059,91.3871
2312,88.7059,91.3871
2313,88.7059,91.3871
2314,88.7059,91.3871
2315,88.7059,91.3871
2316,88.7059,91.3871
2317,88.7059,91.3871
2318,88.7059,91.3871
2319,88.7059,91.3871
2320,88.7059,91.3871
2321,88.7059,91.3871
2322,88.7059,91.3871
2323,88.7059,91.3871
2324,88.7059,91.3871
2325,88.7059,91.3871
2326,88.7059,91.3871
2327,88.7059,91.3871
2328,88.7059,91.3871
2329,88.7059,91.4194
2330,88.7059,91.4194
2331,88.5882,91.4194
2332,88.5882,91.4194
2333,88.5882,91.4194
2334,88.5882,91.4194
2335,88.5882,91.4194
2336,88.5882,91.4516
2337,88.5882,91.4516
2338,88.5882,91.4516
2339,88.5882,91.4516
2340,88.5882,91.4516
2341,88.5882,91.4516
2342,88.5882,91.4516
2343,88.5882,91.4516
2344,88.5882,91.4516
2345,88.5882,91.4516
2346,88.5882,91.4516
2347,88.5882,91.4516
2348,88.5882,91.4516
2349,88.5882,91.4516
2350,88.5882,91.4516
2351,88.5882,91.4516
2352,88.5882,91.4516
2353,88.5882,91.4516
2354,88.5882,91.4516
2355,88.5882,91.4516
2356,88.5882,91.4516
2357,88.5882,91.4516
2358,88.5882,91.4516
2359,88.5882,91.4516
2360,88.5882,91.4516
2361,88.5882,91.4516
2362,88.5882,91.4516
2363,88.5882,91.4839
2364,88.5882,91.4839
2365,88.5882,91.4839
2366,88.5882,91.4839
2367,88.5882,91.4839
2368,88.5882,91.4839
2369,88.5882,91.4839
2370,88.5882,91.4839
2371,88.5882,91.4839
2372,88.5882,91.4839
2373,88.5882,91.4839
2374,88.5882,91.4839
2375,88.5882,91.4839
2376,88.5882,91.4839
2377,88.5882,91.4839
2378,88.5882,91.4839
2379,88.5882,91.4839
2380,88.5882,91.4839
2381,88.5882,91.4839
2382,88.5882,91.4839
2383,88.5882,91.4839
2384,88.5882,91.4839
2385,88.5882,91.4839
2386,88.5882,91.4839
2387,88.5882,91.4839
2388,88.5882,91.4839
2389,88.5882,91.4839
2390,88.5882,91.4839
2391,88.5882,91.4839
2392,88.7059,91.4839
2393,88.7059,91.4839
2394,88.7059,91.4839
2395,88.7059,91.5161
2396,88.7059,91.5161
2397,88.7059,91.5161
2398,88.7059,91.5161
2399,88.7059,91.5161
2400,88.7059,91.5161
2401,88.7059,91.5161
2402,88.7059,91.5161
2403,88.7059,91.5161
2404,88.7059,91.5161
2405,88.7059,91.5161
2406,88.7059,91.5161
2407,88.7059,91.5161
2408,88.7059,91.5161
2409,88.7059,91.5161
2410,88.7059,91.5161
2411,88.7059,91.5161
2412,88.7059,91.5161
2413,88.7059,91.5161
2414,88.7059,91.5161
2415,88.7059,91.5161
2416,88.7059,91.5161
2417,88.7059,91.5161
2418,88.7059,91.5161
2419,88.7059,91.5161
2420,88.7059,91.5161
2421,88.7059,91.5161
2422,88.7059,91.5161
2423,88.7059,91.5161
2424,88.7059,91.5161
2425,88.7059,91.5161
2426,88.7059,91.5161
2427,88.7059,91.5161
2428,88.7059,91.5161
2429,88.7059,91.5161
2430,88.7059,91.5161
2431,88.7059,91.5161
2432,88.7059,91.5161
2433,88.7059,91.5161
2434,88.7059,91.5161
2435,88.7059,91.5161
2436,88.7059,91.5161
2437,88.7059,91.5161
2438,88.7059,91.5161
2439,88.7059,91.5161
2440,88.7059,91.5161
2441,88.7059,91.5161
2442,88.7059,91.5161
2443,88.7059,91.4839
2444,88.7059,91.4839
2445,88.7059,91.4839
2446,88.7059,91.4839
2447,88.7059,91.4839
2448,88.7059,91.4839
2449,88.7059,91.4839
2450,88.7059,91.4839
2451,88.7059,91.4839
2452,88.7059,91.4839
2453,88.7059,91.4839
2454,88.7059,91.4839
2455,88.8235,91.4839
2456,88.8235,91.4839
2457,88.8235,91.4839
2458,88.8235,91.4839
2459,88.8235,91.4839
2460,88.8235,91.4516
2461,88.8235,91.4516
2462,88.8235,91.4516
2463,88.8235,91.4516
2464,88.8235,91.4516
2465,88.8235,91.4516
2466,88.8235,91.4516
2467,88.8235,91.4516
2468,88.8235,91.4516
2469,88.8235,91.4516
2470,88.8235,91.4516
2471,88.8235,91.4516
2472,88.8235,91.4516
2473,88.8235,91.4516
2474,88.8235,91.4516
2475,88.8235,91.4516
2476,88.8235,91.4516
2477,88.8235,91.4516
2478,88.8235,91.4516
2479,88.8235,91.4516
2480,88.8235,91.4516
2481,88.8235,91.4516
2482,88.8235,91.4516
2483,88.8235,91.4516
2484,88.8235,91.4516
2485,88.8235,91.4516
2486,88.8235,91.4516
2487,88.8235,91.4516
2488,88.8235,91.4516
2489,88.8235,91.4516
2490,88.8235,91.4516
2491,88.8235,91.4516
2492,88.8235,91.4516
2493,88.8235,91.4516
2494,88.8235,91.4516
2495,88.7059,91.4516
2496,88.7059,91.4516
2497,88.8235,91.5161
2498,88.8235,91.5161
2499,88.8235,91.5161
2500,88.8235,91.5161
2501,88.8235,91.5161
2502,88.8235,91.4839
2503,88.8235,91.4839
2504,88.8235,91.4839
2505,88.8235,91.4839
2506,88.8235,91.4839
2507,88.8235,91.4839
2508,88.8235,91.4839
2509,88.8235,91.4839
2510,88.8235,91.4839
2511,88.8235,91.4839
2512,88.8235,91.4839
2513,88.8235,91.5161
2514,88.8235,91.5484
2515,88.8235,91.5484
2516,88.8235,91.5484
2517,88.8235,91.5484
2518,88.8235,91.5484
2519,88.8235,91.5484
2520,88.8235,91.5484
2521,88.8235,91.5484
2522,88.8235,91.5484
2523,88.8235,91.5484
2524,88.8235,91.5484
2525,88.8235,91.5484
2526,88.8235,91.5484
2527,88.8235,91.5484
2528,88.8235,91.5484
2529,88.8235,91.5484
2530,88.8235,91.5484
2531,88.8235,91.5484
2532,88.8235,91.5484
2533,88.8235,91.5484
2534,88.8235,91.5484
2535,88.8235,91.5484
2536,88.8235,91.5484
2537,88.8235,91.5484
2538,88.8235,91.5484
2539,88.8235,91.5484
2540,88.8235,91.5484
2541,88.8235,91.5806
2542,88.8235,91.5806
2543,88.8235,91.5806
2544,88.8235,91.5806
2545,88.8235,91.5806
2546,88.8235,91.5806
2547,88.8235,91.5806
2548,88.8235,91.5806
2549,88.8235,91.5806
2550,88.8235,91.5806
2551,88.8235,91.5806
2552,88.8235,91.6129
2553,88.8235,91.6129
2554,88.8235,91.6129
2555,88.8235,91.6452
2556,88.8235,91.6452
2557,88.8235,91.6452
2558,88.8235,91.6452
2559,88.8235,91.6452
2560,88.8235,91.6452
2561,88.8235,91.6452
2562,88.8235,91.6452
2563,88.8235,91.6452
2564,88.8235,91.6452
2565,88.8235,91.6452
2566,88.8235,91.6452
2567,88.8235,91.6452
2568,88.8235,91.6452
2569,88.8235,91.6452
2570,88.8235,91.6452
2571,88.8235,91.6452
2572,88.8235,91.6452
2573,88.8235,91.6452
2574,88.8235,91.6452
2575,88.8235,91.6452
2576,88.8235,91.6452
2577,88.8235,91.6452
2578,88.8235,91.6452
2579,88.8235,91.6452
2580,88.8235,91.6452
2581,88.8235,91.6452
2582,88.8235,91.6452
2583,88.8235,91.6129
2584,88.8235,91.6129
2585,88.8235,91.6129
2586,88.8235,91.6129
2587,88.8235,91.6129
2588,88.8235,91.6129
2589,88.8235,91.6129
2590,88.8235,91.6129
2591,88.8235,91.6129
2592,88.8235,91.6129
2593,88.8235,91.6129
2594,88.8235,91.6129
2595,88.8235,91.6129
2596,88.8235,91.6129
2597,88.8235,91.6129
2598,88.8235,91.6129
2599,88.8235,91.6129
2600,88.8235,91.6129
2601,88.8235,91.6129
2602,88.8235,91.6129
2603,88.8235,91.6129
2604,88.8235,91.6129
2605,88.8235,91.6129
2606,88.8235,91.6129
2607,88.8235,91.6129
2608,88.8235,91.6129
2609,88.8235,91.6129
2610,88.8235,91.6129
2611,88.8235,91.6129
2612,88.8235,91.6129
2613,88.8235,91.6129
2614,88.8235,91.6129
2615,88.8235,91.6129
2616,88.8235,91.6129
2617,88.8235,91.6129
2618,88.8235,91.6129
2619,88.8235,91.6129
2620,88.8235,91.6129
2621,88.8235,91.6129
2622,88.8235,91.6129
2623,88.8235,91.6129
2624,88.8235,91.6129
2625,88.8235,91.6129
2626,88.8235,91.6129
2627,88.8235,91.6129
2628,88.7059,91.6129
2629,88.7059,91.6129
2630,88.7059,91.6129
2631,88.7059,91.6129
2632,88.7059,91.6129
2633,88.5882,91.6129
2634,88.5882,91.6129
2635,88.5882,91.6129
2636,88.5882,91.6129
2637,88.5882,91.6129
2638,88.5882,91.6129
2639,88.5882,91.6129
2640,88.5882,91.6129
2641,88.5882,91.6129
2642,88.5882,91.6129
2643,88.5882,91.6129
2644,88.5882,91.6129
2645,88.5882,91.6129
2646,88.5882,91.6129
2647,88.5882,91.6129
2648,88.5882,91.6129
2649,88.5882,91.6129
2650,88.5882,91.6129
2651,88.5882,91.6129
2652,88.5882,91.6129
2653,88.5882,91.6129
2654,88.5882,91.6129
2655,88.5882,91.6129
2656,88.5882,91.6129
2657,88.5882,91.6129
2658,88.5882,91.6129
2659,88.5882,91.6129
2660,88.5882,91.6129
2661,88.5882,91.6129
2662,88.5882,91.6129
2663,88.5882,91.6452
2664,88.5882,91.6452
2665,88.5882,91.6452
2666,88.5882,91.6452
2667,88.5882,91.6452
2668,88.5882,91.6452
2669,88.5882,91.6452
2670,88.5882,91.6452
2671,88.5882,91.6452
2672,88.5882,91.6452
2673,88.5882,91.6452
2674,88.5882,91.6452
2675,88.5882,91.6452
2676,88.5882,91.6452
2677,88.5882,91.6452
2678,88.5882,91.6452
2679,88.5882,91.6452
2680,88.5882,91.6452
2681,88.5882,91.6452
2682,88.5882,91.6452
2683,88.5882,91.6452
2684,88.5882,91.6452
2685,88.5882,91.6452
2686,88.5882,91.6452
2687,88.5882,91.6452
2688,88.5882,91.6452
2689,88.5882,91.6452
2690,88.5882,91.6452
2691,88.5882,91.6452
2692,88.5882,91.6452
2693,88.5882,91.6774
2694,88.5882,91.6774
2695,88.5882,91.6774
2696,88.5882,91.6774
2697,88.5882,91.6774
2698,88.5882,91.6774
2699,88.5882,91.6774
2700,88.5882,91.6774
2701,88.5882,91.6774
2702,88.5882,91.6774
2703,88.5882,91.7097
2704,88.5882,91.7097
2705,88.5882,91.7419
2706,88.5882,91.7419
2707,88.5882,91.7419
2708,88.5882,91.7419
2709,88.5882,91.7419
2710,88.5882,91.7419
2711,88.5882,91.7419
2712,88.5882,91.7419
2713,88.5882,91.7419
2714,88.5882,91.7419
2715,88.5882,91.7419
2716,88.5882,91.7419
2717,88.5882,91.7419
2718,88.5882,91.7419
2719,88.5882,91.7419
2720,88.5882,91.7419
2721,88.5882,91.7419
2722,88.5882,91.7419
2723,88.5882,91.7419
2724,88.5882,91.7419
2725,88.5882,91.7419
2726,88.5882,91.7419
2727,88.5882,91.7419
2728,88.5882,91.7742
2729,88.5882,91.7742
2730,88.5882,91.7742
2731,88.5882,91.7742
2732,88.5882,91.7742
2733,88.5882,91.7742
2734,88.5882,91.7742
2735,88.5882,91.7742
2736,88.5882,91.7742
2737,88.5882,91.7742
2738,88.5882,91.7742
2739,88.5882,91.7742
2740,88.5882,91.7742
2741,88.5882,91.7419
2742,88.5882,91.7419
2743,88.5882,91.7419
2744,88.5882,91.7419
2745,88.5882,91.7419
2746,88.5882,91.7419
2747,88.5882,91.7419
2748,88.5882,91.7419
2749,88.5882,91.7419
2750,88.5882,91.7419
2751,88.5882,91.7419
2752,88.5882,91.7742
2753,88.5882,91.7742
2754,88.5882,91.7742
2755,88.5882,91.7742
2756,88.5882,91.7742
2757,88.5882,91.7742
2758,88.5882,91.7742
2759,88.5882,91.8065
2760,88.5882,91.8065
2761,88.5882,91.8065
2762,88.5882,91.8065
2763,88.5882,91.8065
2764,88.5882,91.8065
2765,88.5882,91.8065
2766,88.5882,91.8065
2767,88.5882,91.8065
2768,88.5882,91.8065
2769,88.5882,91.8065
2770,88.5882,91.8065
2771,88.7059,91.8065
2772,88.7059,91.8065
2773,88.7059,91.8065
2774,88.8235,91.8065
2775,88.8235,91.8065
2776,88.8235,91.8065
2777,88.8235,91.8065
2778,88.8235,91.8065
2779,88.8235,91.8065
2780,88.8235,91.8065
2781,88.8235,91.8065
2782,88.8235,91.8065
2783,88.8235,91.8065
2784,88.8235,91.8065
2785,88.8235,91.8065
2786,88.8235,91.8065
2787,88.8235,91.8065
2788,88.8235,91.8065
2789,88.8235,91.8065
2790,88.8235,91.8065
2791,88.8235,91.8065
2792,88.8235,91.8065
2793,88.8235,91.8065
2794,88.8235,91.8065
2795,88.8235,91.8065
2796,88.8235,91.8065
2797,88.8235,91.8065
2798,88.8235,91.8065
2799,88.8235,91.8387
2800,88.8235,91.8387
2801,88.8235,91.8387
2802,88.8235,91.8387
2803,88.8235,91.8387
2804,88.8235,91.8387
2805,88.8235,91.8387
2806,88.8235,91.8387
2807,88.8235,91.8387
2808,88.8235,91.8387
2809,88.8235,91.8387
2810,88.8235,91.8387
2811,88.8235,91.8387
2812,88.8235,91.8387
2813,88.8235,91.8387
2814,88.8235,91.8387
2815,88.8235,91.8387
2816,88.8235,91.8387
2817,88.8235,91.8387
2818,88.8235,91.8387
2819,88.8235,91.8387
2820,88.8235,91.8387
2821,88.8235,91.8387
2822,88.8235,91.8387
2823,88.8235,91.8387
2824,88.8235,91.8387
2825,88.8235,91.8387
2826,88.8235,91.8387
2827,88.8235,91.8387
2828,88.8235,91.8387
2829,88.8235,91.8387
2830,88.8235,91.8387
2831,88.8235,91.8387
2832,88.8235,91.8387
2833,88.8235,91.8387
2834,88.8235,91.8387
2835,88.8235,91.8387
2836,88.8235,91.8387
2837,88.8235,91.871
2838,88.8235,91.871
2839,88.8235,91.871
2840,88.8235,91.871
2841,88.8235,91.9032
2842,88.8235,91.9032
2843,88.8235,91.9032
2844,88.8235,91.9032
2845,88.8235,91.9032
2846,88.8235,91.9032
2847,88.8235,91.9032
2848,88.8235,91.9032
2849,88.8235,91.871
2850,88.8235,91.871
2851,88.8235,91.871
2852,88.8235,91.871
2853,88.8235,91.871
2854,88.8235,91.871
2855,88.8235,91.871
2856,88.8235,91.871
2857,88.8235,91.871
2858,88.8235,91.871
2859,88.8235,91.871
2860,88.8235,91.871
2861,88.8235,91.871
2862,88.8235,91.871
2863,88.8235,91.871
2864,88.8235,91.871
2865,88.8235,91.871
2866,88.8235,91.871
2867,88.8235,91.871
2868,88.8235,91.871
2869,88.8235,91.871
2870,88.8235,91.871
2871,88.8235,91.871
2872,88.8235,91.871
2873,88.8235,91.871
2874,88.8235,91.871
2875,88.8235,91.871
2876,88.8235,91.871
2877,88.8235,91.871
2878,88.8235,91.871
2879,88.8235,91.871
2880,88.8235,91.871
2881,88.8235,91.871
2882,88.8235,91.871
2883,88.8235,91.871
2884,88.8235,91.871
2885,88.8235,91.871
2886,88.8235,91.871
2887,88.8235,91.871
2888,88.8235,91.871
2889,88.8235,91.871
2890,88.8235,91.871
2891,88.8235,91.871
2892,88.8235,91.871
2893,88.8235,91.8387
2894,88.8235,91.8387
2895,88.8235,91.8387
2896,88.8235,91.8387
2897,88.8235,91.8387
2898,88.8235,91.8387
2899,88.8235,91.871
2900,88.8235,91.871
2901,88.8235,91.871
2902,88.8235,91.871
2903,88.8235,91.871
2904,88.8235,91.871
2905,88.8235,91.871
2906,88.8235,91.871
2907,88.8235,91.8387
2908,88.8235,91.8387
2909,88.8235,91.8387
2910,88.8235,91.8387
2911,88.8235,91.8387
2912,88.8235,91.8387
2913,88.8235,91.8387
2914,88.8235,91.8387
2915,88.8235,91.8387
2916,88.8235,91.8387
2917,88.8235,91.8387
2918,88.8235,91.8387
2919,88.8235,91.8387
2920,88.8235,91.8387
2921,88.8235,91.8387
2922,88.8235,91.8387
2923,88.8235,91.8387
2924,88.8235,91.8387
2925,88.8235,91.8387
2926,88.8235,91.8387
2927,88.8235,91.8387
2928,88.8235,91.8387
2929,88.8235,91.8387
2930,88.8235,91.8387
2931,88.8235,91.8387
2932,88.8235,91.8387
2933,88.8235,91.8387
2934,88.8235,91.8387
2935,88.8235,91.8387
2936,88.8235,91.8387
2937,88.8235,91.8387
2938,88.8235,91.8387
2939,88.8235,91.8387
2940,88.8235,91.8387
2941,88.8235,91.8387
2942,88.8235,91.8387
2943,88.8235,91.8387
2944,88.8235,91.8387
2945,88.8235,91.8387
2946,88.8235,91.8387
2947,88.8235,91.871
2948,88.8235,91.871
2949,88.8235,91.871
2950,88.8235,91.871
2951,88.8235,91.871
2952,88.8235,91.871
2953,88.8235,91.871
2954,88.8235,91.8387
2955,88.8235,91.8387
2956,88.8235,91.8387
2957,88.8235,91.8387
2958,88.8235,91.8387
2959,88.8235,91.8387
2960,88.8235,91.8387
2961,88.8235,91.8387
2962,88.8235,91.8387
2963,88.8235,91.8387
2964,88.8235,91.8387
2965,88.8235,91.8387
2966,88.8235,91.8387
2967,88.8235,91.871
2968,88.8235,91.871
2969,88.8235,91.871
2970,88.8235,91.871
2971,88.8235,91.871
2972,88.8235,91.871
2973,88.8235,91.871
2974,88.8235,91.871
2975,88.8235,91.871
2976,88.8235,91.871
2977,88.8235,91.871
2978,88.8235,91.871
2979,88.8235,91.871
2980,88.8235,91.871
2981,88.8235,91.871
2982,88.8235,91.871
2983,88.8235,91.871
2984,88.8235,91.871
2985,88.8235,91.871
2986,88.8235,91.871
2987,88.8235,91.871
2988,88.8235,91.871
2989,88.8235,91.871
2990,88.9412,91.871
2991,88.9412,91.871
2992,88.9412,91.871
2993,88.9412,91.871
2994,88.9412,91.871
2995,88.9412,91.871
2996,88.9412,91.871
2997,88.9412,91.871
2998,88.9412,91.871
2999,88.9412,91.871
