0,16,16
1,24.1176,24.4839
2,30.5882,31.5806
3,34.3529,35.8065
4,36,37.5161
5,37.7647,38.3226
6,39.8824,39.5161
7,45.7647,43.6129
8,47.0588,45.8387
9,48.5882,47.3548
10,49.8824,48.9677
11,51.1765,49.9032
12,51.8824,51.1613
13,52.1176,52.2581
14,52.7059,53.129
15,53.6471,53.9032
16,54.3529,54.6452
17,54.8235,55.2258
18,55.1765,55.8387
19,56.1176,56.4194
20,56.7059,57.0645
21,57.0588,57.4839
22,57.5294,58.129
23,58,58.7419
24,58.2353,59.0968
25,58.7059,59.3871
26,59.2941,59.6129
27,59.6471,59.9032
28,59.8824,60.4839
29,60.1176,61.0645
30,60.7059,61.3226
31,61.2941,61.4516
32,62.2353,62.0645
33,62.8235,62.2581
34,63.1765,62.7097
35,63.6471,63.2903
36,64,63.4516
37,64.7059,64.129
38,64.9412,64.5806
39,65.1765,64.9355
40,65.5294,65.2258
41,66,65.5161
42,66.5882,65.8065
43,66.4706,66
44,66.5882,66.3226
45,66.8235,66.3548
46,66.7059,66.4516
47,66.8235,66.5806
48,66.5882,66.6452
49,66.8235,66.6129
50,66.8235,66.7419
51,67.0588,66.9677
52,67.2941,67.129
53,67.5294,67.3548
54,67.8824,67.4516
55,68.1176,67.4194
56,68.2353,67.4516
57,68.2353,67.6774
58,68.2353,67.7742
59,68.2353,67.8065
60,68.2353,67.7419
61,68.5882,67.8065
62,68.7059,67.871
63,69.1765,68.0645
64,69.2941,68.2258
65,69.5294,68.3548
66,69.7647,68.3226
67,69.5294,68.3548
68,69.5294,68.5161
69,69.6471,68.7097
70,70.2353,68.8387
71,70.2353,68.9032
72,70.2353,68.7419
73,70.1176,68.7419
74,70.1176,68.8065
75,70.1176,68.7742
76,70.1176,68.8065
77,70.1176,68.9677
78,70.3529,69.1613
79,70.4706,69.2581
80,70.4706,69.3871
81,70.4706,69.6129
82,70.3529,69.7419
83,70.3529,69.871
84,70.4706,69.8065
85,70.7059,69.871
86,70.7059,69.9677
87,70.7059,70.0968
88,70.8235,70.1935
89,71.0588,70.2258
90,71.2941,70.4194
91,71.4118,70.4839
92,71.1765,70.5806
93,71.2941,70.6452
94,71.5294,70.7097
95,71.6471,70.871
96,71.6471,71
97,71.6471,71.0323
98,71.6471,71.0645
99,71.5294,71.2903
100,71.7647,71.4516
101,71.7647,71.5806
102,71.6471,71.7097
103,71.7647,71.7742
104,71.7647,71.8065
105,72,71.8387
106,72.1176,71.9355
107,72.3529,72
108,72.2353,71.9677
109,72.4706,72.129
110,72.4706,72.129
111,72.2353,72.129
112,72.3529,72.1613
113,72.4706,72.129
114,72.4706,72.1613
115,72.5882,72.2581
116,72.5882,72.3226
117,72.7059,72.4839
118,72.7059,72.4839
119,72.7059,72.6129
120,72.7059,72.6774
121,72.7059,72.7419
122,72.8235,72.9355
123,72.9412,73.2258
124,72.8235,73.2903
125,72.9412,73.3548
126,73.0588,73.4516
127,73.0588,73.4839
128,72.9412,73.5484
129,72.9412,73.5806
130,72.9412,73.6129
131,73.0588,73.6452
132,72.9412,73.7097
133,72.9412,73.7097
134,73.0588,73.7419
135,73.1765,73.8387
136,73.1765,73.9032
137,73.5294,73.9355
138,73.5294,74.0968
139,73.7647,74.1935
140,74.2353,74.2581
141,74.2353,74.2258
142,74.3529,74.3226
143,74.4706,74.3226
144,74.4706,74.3548
145,74.3529,74.4516
146,74.5882,74.5161
147,74.7059,74.5806
148,74.7059,74.6774
149,74.7059,74.6452
150,74.5882,74.8387
151,74.5882,75.0645
152,74.5882,75.2581
153,74.7059,75.4194
154,75.0588,75.4516
155,75.5294,75.4516
156,75.5294,75.5161
157,75.6471,75.6129
158,75.6471,75.6129
159,75.7647,75.5806
160,75.7647,75.7097
161,76.1176,75.9032
162,76.2353,76.0645
163,76.2353,76.0645
164,76.4706,76.129
165,76.4706,76.2581
166,76.4706,76.2258
167,76.7059,76.3226
168,76.7059,76.3871
169,76.7059,76.4516
170,76.8235,76.5484
171,76.8235,76.7419
172,76.9412,76.7419
173,76.8235,76.8065
174,76.8235,77.0645
175,77.1765,77.1935
176,77.1765,77.2258
177,77.2941,77.3226
178,77.6471,77.3871
179,77.7647,77.5161
180,77.7647,77.6129
181,77.7647,77.6774
182,77.7647,77.8065
183,77.8824,77.9677
184,77.8824,77.9677
185,78.1176,78.0323
186,78.1176,78.0645
187,78.2353,78.129
188,78.3529,78.1935
189,78.3529,78.2581
190,78.5882,78.3548
191,78.5882,78.4839
192,78.7059,78.6129
193,78.8235,78.7419
194,78.8235,78.8387
195,78.8235,78.9355
196,78.8235,79.129
197,78.8235,79.2258
198,78.8235,79.2903
199,78.8235,79.3548
200,79.0588,79.5161
201,79.0588,79.7097
202,79.1765,79.7097
203,79.5294,79.7742
204,79.5294,79.871
205,79.5294,79.9355
206,79.5294,80.0323
207,79.7647,80.0968
208,79.7647,80.1613
209,79.7647,80.2581
210,79.7647,80.3548
211,79.7647,80.4194
212,79.8824,80.4516
213,80,80.5806
214,80,80.6129
215,80.1176,80.7097
216,80.1176,80.9032
217,80.4706,80.9355
218,80.4706,81
219,80.8235,81.0323
220,80.9412,81.0645
221,80.9412,81.0968
222,81.0588,81.129
223,80.9412,81.2258
224,80.9412,81.3548
225,81.0588,81.3871
226,81.1765,81.5161
227,81.2941,81.5806
228,81.5294,81.6129
229,81.6471,81.6129
230,81.7647,81.6774
231,81.8824,81.7742
232,81.8824,81.871
233,81.8824,81.9677
234,82,81.9355
235,82,82.0645
236,82,82.0968
237,82,82.1613
238,82.2353,82.1935
239,82.2353,82.2581
240,82.3529,82.3226
241,82.3529,82.3548
242,82.3529,82.4839
243,82.3529,82.5161
244,82.4706,82.6129
245,82.4706,82.6452
246,82.4706,82.6774
247,82.4706,82.7097
248,82.4706,82.7742
249,82.5882,82.8387
250,82.5882,82.9032
251,82.7059,82.9355
252,83.0588,83
253,83.1765,83.0323
254,83.2941,83.0323
255,83.2941,83.0968
256,83.5294,83.129
257,83.6471,83.1613
258,83.7647,83.1613
259,83.7647,83.1613
260,83.7647,83.2258
261,83.8824,83.2581
262,83.8824,83.2581
263,83.8824,83.2258
264,83.8824,83.2903
265,83.8824,83.3226
266,83.8824,83.3871
267,84,83.3871
268,84.2353,83.4516
269,84.2353,83.5806
270,84.2353,83.6452
271,84.2353,83.8065
272,84.2353,83.871
273,84.4706,83.9677
274,84.4706,84.0323
275,84.4706,84.0645
276,84.4706,84.0645
277,84.4706,84.0323
278,84.4706,84.0645
279,84.5882,84.0968
280,84.7059,84.0968
281,84.7059,84.129
282,84.7059,84.129
283,84.7059,84.129
284,84.7059,84.1935
285,84.8235,84.129
286,84.9412,84.1613
287,84.9412,84.1935
288,84.9412,84.2581
289,84.9412,84.2581
290,84.9412,84.2581
291,84.9412,84.2903
292,84.9412,84.3226
293,84.9412,84.3871
294,84.9412,84.4194
295,84.9412,84.4839
296,84.9412,84.4839
297,85.0588,84.5484
298,85.1765,84.6774
299,85.1765,84.7097
300,85.1765,84.7742
301,85.1765,84.8065
302,85.1765,84.9032
303,85.1765,84.9032
304,85.2941,84.9355
305,85.2941,84.9677
306,85.1765,85
307,85.1765,85.0323
308,85.1765,85.0323
309,85.2941,85.0968
310,85.2941,85.0968
311,85.2941,85.0968
312,85.2941,85.1613
313,85.4118,85.1613
314,85.4118,85.1613
315,85.4118,85.1935
316,85.4118,85.2258
317,85.4118,85.2581
318,85.2941,85.2903
319,85.4118,85.2903
320,85.4118,85.3871
321,85.4118,85.4516
322,85.4118,85.5161
323,85.4118,85.5161
324,85.4118,85.5484
325,85.4118,85.5484
326,85.4118,85.5484
327,85.4118,85.5484
328,85.4118,85.5484
329,85.4118,85.4839
330,85.4118,85.5161
331,85.4118,85.5484
332,85.2941,85.5806
333,85.2941,85.6129
334,85.2941,85.6129
335,85.2941,85.6129
336,85.4118,85.6129
337,85.4118,85.6129
338,85.4118,85.6129
339,85.5294,85.5806
340,85.5294,85.5806
341,85.5294,85.6452
342,85.5294,85.6452
343,85.6471,85.6774
344,85.7647,85.6774
345,85.7647,85.6774
346,85.8824,85.7097
347,85.8824,85.7097
348,85.8824,85.6774
349,85.7647,85.6774
350,85.8824,85.6774
351,85.8824,85.6774
352,85.8824,85.6774
353,85.8824,85.6774
354,86,85.7097
355,86,85.7742
356,86,85.7742
357,85.8824,85.7742
358,85.8824,85.8065
359,85.8824,85.8065
360,85.8824,85.8387
361,86,85.8387
362,86,85.871
363,86,85.9032
364,86.1176,85.9677
365,86.2353,85.9677
366,86.3529,86
367,86.4706,86
368,86.5882,85.9677
369,86.5882,85.9677
370,86.5882,86
371,86.5882,86
372,86.5882,86
373,86.4706,86.0323
374,86.4706,86.0645
375,86.4706,86.0968
376,86.5882,86.0968
377,86.5882,86.0645
378,86.4706,86.0968
379,86.4706,86.129
380,86.4706,86.129
381,86.4706,86.129
382,86.4706,86.129
383,86.5882,86.129
384,86.5882,86.129
385,86.5882,86.1613
386,86.5882,86.1613
387,86.5882,86.1613
388,86.5882,86.1613
389,86.5882,86.1613
390,86.5882,86.1613
391,86.5882,86.1613
392,86.5882,86.129
393,86.5882,86.129
394,86.5882,86.1613
395,86.5882,86.1935
396,86.7059,86.1935
397,86.7059,86.1935
398,86.7059,86.2581
399,86.7059,86.3226
400,86.7059,86.3548
401,86.7059,86.3548
402,86.7059,86.3548
403,86.8235,86.3548
404,86.8235,86.3548
405,86.9412,86.3548
406,86.9412,86.3226
407,86.9412,86.3871
408,86.9412,86.4194
409,86.9412,86.4516
410,86.9412,86.4516
411,86.9412,86.4516
412,86.9412,86.5161
413,86.9412,86.5161
414,87.1765,86.5806
415,87.1765,86.6129
416,87.2941,86.6452
417,87.2941,86.6452
418,87.2941,86.6452
419,87.2941,86.6452
420,87.2941,86.6774
421,87.2941,86.6774
422,87.2941,86.6774
423,87.4118,86.6452
424,87.4118,86.6452
425,87.4118,86.6452
426,87.4118,86.6452
427,87.4118,86.6774
428,87.4118,86.6774
429,87.5294,86.7097
430,87.5294,86.7419
431,87.5294,86.7419
432,87.4118,86.7419
433,87.4118,86.7742
434,87.4118,86.8065
435,87.4118,86.7742
436,87.4118,86.7742
437,87.2941,86.8065
438,87.2941,86.8065
439,87.2941,86.7742
440,87.2941,86.7742
441,87.2941,86.8065
442,87.2941,86.8387
443,87.2941,86.9032
444,87.2941,86.9032
445,87.2941,86.871
446,87.2941,86.8387
447,87.1765,86.9032
448,87.1765,86.9032
449,87.1765,86.9032
450,87.0588,86.9355
451,87.0588,86.9032
452,87.0588,86.9355
453,87.0588,86.9355
454,87.0588,86.9355
455,87.0588,86.9032
456,87.0588,86.9355
457,87.0588,86.9677
458,87.0588,86.9677
459,87.0588,87
460,87.0588,87
461,87.0588,87
462,87.0588,87
463,87.0588,87
464,87.0588,87
465,87.0588,87.0323
466,87.0588,87.0323
467,87.0588,87.0323
468,87.0588,87.0323
469,87.0588,87.0323
470,87.0588,87.0645
471,87.0588,87.0645
472,87.0588,87.0645
473,87.1765,87.0645
474,87.1765,87.0323
475,87.1765,87.0323
476,87.0588,87.0645
477,87.0588,87.0645
478,87.0588,87.0323
479,87.0588,87
480,87.0588,87
481,87.0588,87
482,87.0588,87.0323
483,87.0588,87.0323
484,87.0588,87.0323
485,87.0588,87.0323
486,87.0588,87.0323
487,87.1765,87.0323
488,87.1765,87.0323
489,87.0588,87.0323
490,87.0588,87.0968
491,87.0588,87.129
492,87.0588,87.129
493,87.0588,87.1613
494,87.0588,87.1935
495,87.0588,87.1935
496,87.0588,87.1935
497,87.0588,87.1935
498,87.0588,87.2581
499,87.0588,87.2903
500,87.0588,87.2903
501,87.0588,87.2903
502,87.0588,87.3226
503,87.0588,87.3871
504,87.1765,87.3226
505,87.1765,87.3226
506,87.2941,87.3226
507,87.5294,87.3226
508,87.5294,87.2581
509,87.5294,87.3226
510,87.5294,87.3226
511,87.5294,87.3548
512,87.5294,87.3871
513,87.5294,87.4194
514,87.6471,87.4194
515,87.5294,87.4194
516,87.5294,87.3871
517,87.5294,87.4516
518,87.5294,87.4839
519,87.5294,87.5161
520,87.5294,87.5161
521,87.5294,87.5161
522,87.5294,87.5484
523,87.4118,87.5806
524,87.4118,87.6129
525,87.5294,87.6129
526,87.5294,87.6129
527,87.5294,87.6129
528,87.5294,87.6129
529,87.5294,87.5484
530,87.5294,87.5161
531,87.5294,87.5161
532,87.5294,87.4839
533,87.5294,87.5484
534,87.5294,87.5806
535,87.5294,87.6452
536,87.6471,87.6452
537,87.6471,87.6452
538,87.6471,87.6774
539,87.6471,87.5806
540,87.6471,87.5806
541,87.6471,87.5806
542,87.6471,87.6129
543,87.6471,87.6129
544,87.6471,87.6129
545,87.7647,87.6129
546,87.7647,87.6452
547,87.7647,87.6452
548,87.7647,87.6774
549,87.7647,87.6774
550,87.7647,87.6774
551,87.7647,87.6774
552,87.7647,87.6774
553,87.7647,87.7097
554,87.7647,87.7419
555,87.7647,87.8387
556,87.7647,87.8387
557,87.7647,87.8387
558,87.7647,87.8387
559,87.7647,87.871
560,87.7647,87.871
561,87.8824,87.9032
562,87.8824,87.871
563,87.8824,87.871
564,87.8824,87.9355
565,87.8824,87.9032
566,87.7647,87.9355
567,87.6471,87.9677
568,87.6471,87.9677
569,87.6471,87.9677
570,87.6471,87.9677
571,87.6471,87.9677
572,87.7647,87.9355
573,87.7647,87.9677
574,87.7647,87.9677
575,87.7647,87.9677
576,87.7647,87.9677
577,87.6471,87.9677
578,87.6471,87.9355
579,87.6471,87.9355
580,87.7647,87.9677
581,87.7647,88
582,87.8824,88.0323
583,87.8824,88.0645
584,87.8824,88.0645
585,87.8824,88.0323
586,87.8824,88.0323
587,87.8824,88.0323
588,87.8824,88.0323
589,87.8824,88.0323
590,87.8824,88.0645
591,87.7647,88.0645
592,87.7647,88.0968
593,87.7647,88.129
594,87.7647,88.129
595,87.7647,88.1613
596,87.7647,88.1613
597,87.7647,88.1613
598,87.7647,88.1935
599,87.7647,88.1935
600,87.7647,88.1935
601,87.6471,88.1935
602,87.6471,88.1935
603,87.6471,88.1935
604,87.6471,88.1935
605,87.6471,88.1935
606,87.6471,88.1935
607,87.6471,88.1935
608,87.6471,88.1935
609,87.6471,88.1935
610,87.6471,88.1613
611,87.7647,88.1613
612,87.7647,88.1613
613,87.7647,88.1613
614,87.7647,88.1613
615,87.7647,88.1935
616,87.7647,88.1935
617,87.7647,88.1935
618,87.7647,88.2258
619,87.8824,88.2258
620,87.8824,88.1613
621,87.8824,88.1613
622,87.8824,88.1935
623,87.8824,88.1935
624,87.8824,88.1613
625,88,88.1613
626,88.1176,88.129
627,88.1176,88.1613
628,88.1176,88.1613
629,88.1176,88.1613
630,88.1176,88.1613
631,88.1176,88.1613
632,88.1176,88.1613
633,88.1176,88.1935
634,88.1176,88.2581
635,88.1176,88.2581
636,88.1176,88.2258
637,88.1176,88.2258
638,88.1176,88.2258
639,88.1176,88.2258
640,88.2353,88.3226
641,88.2353,88.3226
642,88.2353,88.2903
643,88.2353,88.2903
644,88.2353,88.2903
645,88.2353,88.2903
646,88.2353,88.2903
647,88.2353,88.2903
648,88.3529,88.2903
649,88.3529,88.2903
650,88.3529,88.3226
651,88.3529,88.3226
652,88.3529,88.3548
653,88.3529,88.3548
654,88.3529,88.3871
655,88.3529,88.3871
656,88.3529,88.4194
657,88.3529,88.4194
658,88.3529,88.4516
659,88.3529,88.4516
660,88.3529,88.5484
661,88.3529,88.5484
662,88.3529,88.5484
663,88.3529,88.5484
664,88.3529,88.5161
665,88.3529,88.5161
666,88.4706,88.5161
667,88.4706,88.4839
668,88.4706,88.5161
669,88.5882,88.5484
670,88.5882,88.5484
671,88.5882,88.5484
672,88.7059,88.5484
673,88.7059,88.5484
674,88.7059,88.5484
675,88.7059,88.5484
676,88.7059,88.5161
677,88.7059,88.5161
678,88.7059,88.5484
679,88.7059,88.5161
680,88.7059,88.5161
681,88.7059,88.5161
682,88.7059,88.5161
683,88.7059,88.5161
684,88.7059,88.5161
685,88.5882,88.5161
686,88.5882,88.5161
687,88.4706,88.5161
688,88.4706,88.5161
689,88.4706,88.5161
690,88.4706,88.5161
691,88.4706,88.5161
692,88.4706,88.5484
693,88.4706,88.5484
694,88.4706,88.5484
695,88.4706,88.5484
696,88.4706,88.5484
697,88.4706,88.5161
698,88.4706,88.5161
699,88.4706,88.5484
700,88.4706,88.5484
701,88.4706,88.5806
702,88.4706,88.5806
703,88.4706,88.5806
704,88.4706,88.6129
705,88.4706,88.6452
706,88.4706,88.6452
707,88.4706,88.6452
708,88.4706,88.6452
709,88.4706,88.6452
710,88.4706,88.6774
711,88.4706,88.6774
712,88.4706,88.6774
713,88.4706,88.6774
714,88.4706,88.7097
715,88.4706,88.7097
716,88.4706,88.6774
717,88.4706,88.6774
718,88.3529,88.6774
719,88.3529,88.6774
720,88.3529,88.6774
721,88.3529,88.6774
722,88.3529,88.6774
723,88.3529,88.6774
724,88.3529,88.6774
725,88.3529,88.6774
726,88.3529,88.6452
727,88.3529,88.6452
728,88.3529,88.6452
729,88.4706,88.6452
730,88.4706,88.6452
731,88.4706,88.6774
732,88.4706,88.6774
733,88.4706,88.7419
734,88.4706,88.7419
735,88.4706,88.7419
736,88.4706,88.7419
737,88.4706,88.7419
738,88.4706,88.7742
739,88.5882,88.8065
740,88.5882,88.8065
741,88.5882,88.8065
742,88.5882,88.8065
743,88.5882,88.8065
744,88.5882,88.8065
745,88.5882,88.7742
746,88.5882,88.7742
747,88.5882,88.7742
748,88.5882,88.7742
749,88.5882,88.7742
750,88.5882,88.7742
751,88.5882,88.7742
752,88.5882,88.7742
753,88.5882,88.7742
754,88.5882,88.7419
755,88.5882,88.7419
756,88.5882,88.7419
757,88.5882,88.7419
758,88.5882,88.7419
759,88.5882,88.7419
760,88.5882,88.7419
761,88.5882,88.7419
762,88.5882,88.7742
763,88.5882,88.8065
764,88.5882,88.8065
765,88.5882,88.8065
766,88.5882,88.8065
767,88.5882,88.8065
768,88.5882,88.8065
769,88.5882,88.8065
770,88.5882,88.8065
771,88.5882,88.8065
772,88.7059,88.8065
773,88.7059,88.8065
774,88.7059,88.8065
775,88.8235,88.8065
776,88.8235,88.8065
777,88.8235,88.8065
778,88.8235,88.8065
779,88.8235,88.8065
780,88.8235,88.8065
781,88.8235,88.8387
782,88.8235,88.8387
783,88.8235,88.871
784,88.8235,88.871
785,88.8235,88.871
786,88.8235,88.871
787,88.8235,88.9032
788,88.8235,88.9355
789,88.8235,88.9355
790,88.8235,88.9677
791,88.8235,89
792,88.8235,89
793,88.8235,88.9677
794,88.8235,88.9677
795,88.8235,89
796,88.8235,89
797,88.8235,89
798,88.8235,89
799,88.8235,89.0323
800,88.8235,89.0968
801,88.8235,89.0968
802,88.8235,89.129
803,88.9412,89.129
804,88.9412,89.129
805,88.9412,89.129
806,88.9412,89.1613
807,89.0588,89.1613
808,89.0588,89.1613
809,89.0588,89.1613
810,89.0588,89.1613
811,89.0588,89.1613
812,89.0588,89.129
813,88.9412,89.129
814,88.9412,89.129
815,88.9412,89.1613
816,88.9412,89.1613
817,88.9412,89.1613
818,88.9412,89.1935
819,88.9412,89.1935
820,88.9412,89.1935
821,88.9412,89.1935
822,88.9412,89.1935
823,88.9412,89.1935
824,88.9412,89.1935
825,88.9412,89.1935
826,88.9412,89.1935
827,88.9412,89.1935
828,88.9412,89.1935
829,89.1765,89.1935
830,89.1765,89.2581
831,89.1765,89.2903
832,89.1765,89.2903
833,89.1765,89.3226
834,89.1765,89.3226
835,89.1765,89.3226
836,89.1765,89.3226
837,89.1765,89.3226
838,89.1765,89.3226
839,89.2941,89.3226
840,89.2941,89.3226
841,89.2941,89.3548
842,89.2941,89.3871
843,89.2941,89.3871
844,89.2941,89.4194
845,89.2941,89.4194
846,89.2941,89.4839
847,89.2941,89.4839
848,89.2941,89.4839
849,89.2941,89.4839
850,89.2941,89.4839
851,89.2941,89.4839
852,89.2941,89.4839
853,89.2941,89.4839
854,89.2941,89.4839
855,89.2941,89.5161
856,89.2941,89.4516
857,89.2941,89.4516
858,89.2941,89.4516
859,89.2941,89.4516
860,89.2941,89.4516
861,89.2941,89.4516
862,89.2941,89.4516
863,89.2941,89.4516
864,89.2941,89.4839
865,89.2941,89.4839
866,89.2941,89.4516
867,89.2941,89.4516
868,89.2941,89.4516
869,89.2941,89.4839
870,89.2941,89.4839
871,89.1765,89.5161
872,89.1765,89.4839
873,89.0588,89.4839
874,89.0588,89.4839
875,89.0588,89.4839
876,89.1765,89.4839
877,89.1765,89.4516
878,89.2941,89.4516
879,89.2941,89.4516
880,89.2941,89.4516
881,89.2941,89.4516
882,89.2941,89.4516
883,89.2941,89.4516
884,89.2941,89.4516
885,89.2941,89.4516
886,89.2941,89.4516
887,89.2941,89.4194
888,89.2941,89.4194
889,89.2941,89.4194
890,89.2941,89.4194
891,89.2941,89.4194
892,89.2941,89.4516
893,89.2941,89.4516
894,89.1765,89.4516
895,89.1765,89.4839
896,89.1765,89.4839
897,89.1765,89.4839
898,89.1765,89.4516
899,89.1765,89.4516
900,89.1765,89.4516
901,89.1765,89.4516
902,89.1765,89.4516
903,89.1765,89.4516
904,89.1765,89.4839
905,89.1765,89.5161
906,89.1765,89.5161
907,89.1765,89.5806
908,89.1765,89.6129
909,89.1765,89.6129
910,89.1765,89.6129
911,89.1765,89.6129
912,89.1765,89.6129
913,89.1765,89.6129
914,89.1765,89.6129
915,89.1765,89.6129
916,89.1765,89.6129
917,89.1765,89.6452
918,89.1765,89.6452
919,89.1765,89.6452
920,89.1765,89.6452
921,89.1765,89.6452
922,89.1765,89.6452
923,89.1765,89.6452
924,89.1765,89.6452
925,89.1765,89.6774
926,89.1765,89.6774
927,89.1765,89.6774
928,89.1765,89.6452
929,89.1765,89.6452
930,89.1765,89.6452
931,89.1765,89.6452
932,89.1765,89.6452
933,89.1765,89.6774
934,89.1765,89.6774
935,89.1765,89.6774
936,89.1765,89.6774
937,89.1765,89.6774
938,89.1765,89.6774
939,89.1765,89.6774
940,89.1765,89.6774
941,89.1765,89.6774
942,89.1765,89.6774
943,89.1765,89.6774
944,89.1765,89.6774
945,89.1765,89.6774
946,89.1765,89.6774
947,89.1765,89.7097
948,89.2941,89.7097
949,89.2941,89.7097
950,89.2941,89.7097
951,89.2941,89.6774
952,89.2941,89.7097
953,89.2941,89.7097
954,89.2941,89.7097
955,89.2941,89.7097
956,89.2941,89.7097
957,89.2941,89.7097
958,89.2941,89.7742
959,89.2941,89.7742
960,89.2941,89.7742
961,89.2941,89.7742
962,89.2941,89.8065
963,89.2941,89.8065
964,89.2941,89.8065
965,89.2941,89.8387
966,89.1765,89.8387
967,89.1765,89.8387
968,89.1765,89.8387
969,89.0588,89.8387
970,89.0588,89.8387
971,89.0588,89.8387
972,89.0588,89.8387
973,89.0588,89.8387
974,89.0588,89.8387
975,89.0588,89.8387
976,89.0588,89.8387
977,89.0588,89.8387
978,88.9412,89.8387
979,88.9412,89.8387
980,88.9412,89.8387
981,88.9412,89.8387
982,88.9412,89.8387
983,88.9412,89.8387
984,88.9412,89.8387
985,88.9412,89.8387
986,88.9412,89.8387
987,88.9412,89.8387
988,88.9412,89.8387
989,88.9412,89.8387
990,88.9412,89.8387
991,88.9412,89.8387
992,88.9412,89.8387
993,88.9412,89.8387
994,88.9412,89.8387
995,88.9412,89.8387
996,88.9412,89.8387
997,88.9412,89.8387
998,88.9412,89.8387
999,88.9412,89.8387
1000,89.0588,89.8387
1001,89.1765,89.8387
1002,89.1765,89.8387
1003,89.1765,89.8387
1004,89.1765,89.8387
1005,89.1765,89.8387
1006,89.1765,89.8387
1007,89.1765,89.8387
1008,89.1765,89.8387
1009,89.1765,89.8387
1010,89.1765,89.8387
1011,89.1765,89.8387
1012,89.1765,89.8387
1013,89.1765,89.871
1014,89.1765,89.871
1015,89.1765,89.871
1016,89.1765,89.871
1017,89.1765,89.871
1018,89.1765,89.871
1019,89.1765,89.871
1020,89.1765,89.871
1021,89.1765,89.871
1022,89.1765,89.9032
1023,89.1765,89.9355
1024,89.1765,89.9355
1025,89.1765,89.9355
1026,89.1765,89.9355
1027,89.1765,89.9355
1028,89.1765,89.9355
1029,89.1765,89.9355
1030,89.1765,89.9355
1031,89.1765,89.9355
1032,89.1765,89.9355
1033,89.1765,89.9355
1034,89.1765,89.9355
1035,89.1765,89.9355
1036,89.1765,89.9355
1037,89.1765,89.9355
1038,89.1765,89.9355
1039,89.1765,89.9355
1040,89.1765,89.9355
1041,89.1765,89.9355
1042,89.1765,89.9355
1043,89.1765,89.9355
1044,89.1765,89.9355
1045,89.1765,89.9355
1046,89.1765,89.9355
1047,89.1765,89.9355
1048,89.1765,89.9355
1049,89.1765,89.9355
1050,89.1765,89.9355
1051,89.1765,89.9355
1052,89.1765,89.9355
1053,89.1765,89.9355
1054,89.1765,89.9355
1055,89.1765,89.9355
1056,89.1765,89.9355
1057,89.1765,89.9355
1058,89.1765,89.9355
1059,89.1765,89.9355
1060,89.1765,89.9355
1061,89.1765,89.9677
1062,89.1765,89.9677
1063,89.1765,89.9677
1064,89.1765,89.9677
1065,89.1765,89.9677
1066,89.1765,89.9677
1067,89.1765,89.9677
1068,89.1765,89.9677
1069,89.1765,89.9677
1070,89.1765,89.9677
1071,89.1765,89.9355
1072,89.1765,89.9355
1073,89.1765,89.9355
1074,89.1765,89.9355
1075,89.1765,89.9355
1076,89.1765,89.9677
1077,89.1765,89.9677
1078,89.1765,89.9677
1079,89.1765,89.9355
1080,89.1765,89.9355
1081,89.1765,89.9355
1082,89.1765,89.9355
1083,89.1765,89.9355
1084,89.1765,89.9355
1085,89.1765,89.9355
1086,89.1765,89.9355
1087,89.1765,89.9355
1088,89.1765,89.9355
1089,89.1765,89.9355
1090,89.1765,89.9355
1091,89.1765,89.9355
1092,89.1765,89.9355
1093,89.1765,89.9355
1094,89.1765,89.9355
1095,89.1765,89.9355
1096,89.1765,89.9355
1097,89.1765,89.9677
1098,89.1765,89.9677
1099,89.1765,89.9677
1100,89.1765,89.9677
1101,89.1765,89.9677
1102,89.1765,89.9677
1103,89.1765,89.9677
1104,89.1765,89.9677
1105,89.1765,89.9677
1106,89.1765,89.9677
1107,89.1765,89.9677
1108,89.1765,89.9677
1109,89.1765,89.9677
1110,89.1765,89.9677
1111,89.1765,89.9677
1112,89.1765,89.9677
1113,89.1765,89.9677
1114,89.1765,89.9677
1115,89.1765,89.9677
1116,89.1765,90.0323
1117,89.1765,90.0323
1118,89.1765,90.0645
1119,89.1765,90.0645
1120,89.1765,90.0645
1121,89.1765,90.0645
1122,89.1765,90.0645
1123,89.1765,90.0645
1124,89.1765,90.0645
1125,89.1765,90.0645
1126,89.1765,90.0645
1127,89.1765,90.0645
1128,89.1765,90.0645
1129,89.1765,90.0645
1130,89.1765,90.0323
1131,89.1765,90.0323
1132,89.1765,90.0323
1133,89.1765,90.0645
1134,89.1765,90.0645
1135,89.1765,90.0968
1136,89.1765,90.0968
1137,89.1765,90.0968
1138,89.1765,90.0968
1139,89.1765,90.0968
1140,89.2941,90.0968
1141,89.2941,90.0645
1142,89.2941,90.0645
1143,89.2941,90.0645
1144,89.2941,90.0645
1145,89.2941,90.0645
1146,89.2941,90.0645
1147,89.2941,90.0645
1148,89.2941,90.0645
1149,89.2941,90.0645
1150,89.2941,90.0645
1151,89.2941,90.0645
1152,89.2941,90.0645
1153,89.2941,90.0645
1154,89.2941,90.0645
1155,89.2941,90.0645
1156,89.2941,90.0645
1157,89.2941,90.0645
1158,89.2941,90.0645
1159,89.2941,90.0645
1160,89.2941,90.0323
1161,89.2941,90.0323
1162,89.2941,90.0323
1163,89.4118,90.0323
1164,89.4118,90.0323
1165,89.4118,90.0323
1166,89.4118,90.0323
1167,89.4118,90.0323
1168,89.4118,90.0645
1169,89.4118,90.0645
1170,89.4118,90.0645
1171,89.4118,90.0645
1172,89.4118,90.0968
1173,89.4118,90.0968
1174,89.4118,90.0968
1175,89.4118,90.1613
1176,89.2941,90.129
1177,89.2941,90.129
1178,89.2941,90.129
1179,89.2941,90.129
1180,89.2941,90.129
1181,89.2941,90.129
1182,89.2941,90.129
1183,89.2941,90.129
1184,89.2941,90.129
1185,89.2941,90.129
1186,89.2941,90.129
1187,89.2941,90.129
1188,89.2941,90.129
1189,89.2941,90.129
1190,89.2941,90.1613
1191,89.2941,90.1613
1192,89.2941,90.1613
1193,89.2941,90.1613
1194,89.2941,90.1613
1195,89.2941,90.1613
1196,89.2941,90.1613
1197,89.2941,90.1613
1198,89.2941,90.1935
1199,89.2941,90.1935
1200,89.2941,90.1935
1201,89.2941,90.1935
1202,89.2941,90.1935
1203,89.2941,90.1935
1204,89.2941,90.1935
1205,89.2941,90.1935
1206,89.2941,90.1935
1207,89.2941,90.1935
1208,89.2941,90.1935
1209,89.2941,90.2258
1210,89.2941,90.2258
1211,89.2941,90.2258
1212,89.2941,90.2258
1213,89.2941,90.2258
1214,89.2941,90.2258
1215,89.2941,90.2258
1216,89.2941,90.2258
1217,89.2941,90.2258
1218,89.2941,90.2258
1219,89.2941,90.2581
1220,89.2941,90.2581
1221,89.2941,90.2581
1222,89.2941,90.2581
1223,89.2941,90.2581
1224,89.2941,90.2581
1225,89.2941,90.2581
1226,89.2941,90.2581
1227,89.2941,90.2581
1228,89.2941,90.2581
1229,89.2941,90.2581
1230,89.2941,90.2581
1231,89.2941,90.2581
1232,89.2941,90.2581
1233,89.2941,90.2581
1234,89.2941,90.2581
1235,89.2941,90.2581
1236,89.2941,90.2581
1237,89.2941,90.2581
1238,89.2941,90.2581
1239,89.4118,90.2258
1240,89.4118,90.2258
1241,89.4118,90.2258
1242,89.4118,90.2258
1243,89.4118,90.1935
1244,89.4118,90.1935
1245,89.4118,90.1935
1246,89.4118,90.1935
1247,89.4118,90.1935
1248,89.4118,90.1935
1249,89.4118,90.1935
1250,89.4118,90.2258
1251,89.4118,90.2258
1252,89.4118,90.2258
1253,89.4118,90.2258
1254,89.4118,90.2258
1255,89.4118,90.2258
1256,89.4118,90.2258
1257,89.4118,90.2258
1258,89.5294,90.2258
1259,89.5294,90.2258
1260,89.5294,90.2258
1261,89.5294,90.2258
1262,89.5294,90.1935
1263,89.5294,90.1935
1264,89.5294,90.1935
1265,89.5294,90.1935
1266,89.5294,90.1935
1267,89.5294,90.1935
1268,89.5294,90.1935
1269,89.5294,90.1935
1270,89.5294,90.1935
1271,89.5294,90.1935
1272,89.5294,90.1935
1273,89.5294,90.1935
1274,89.5294,90.1935
1275,89.5294,90.1935
1276,89.5294,90.1935
1277,89.5294,90.1935
1278,89.5294,90.1935
1279,89.5294,90.1935
1280,89.5294,90.1935
1281,89.5294,90.1935
1282,89.5294,90.1935
1283,89.5294,90.1935
1284,89.5294,90.1935
1285,89.5294,90.1935
1286,89.5294,90.1935
1287,89.5294,90.1935
1288,89.5294,90.1935
1289,89.5294,90.2258
1290,89.5294,90.2258
1291,89.5294,90.2258
1292,89.5294,90.2258
1293,89.5294,90.2258
1294,89.5294,90.2258
1295,89.5294,90.2258
1296,89.5294,90.2258
1297,89.5294,90.2581
1298,89.5294,90.2903
1299,89.5294,90.2903
1300,89.5294,90.2903
1301,89.6471,90.2903
1302,89.6471,90.3226
1303,89.6471,90.3226
1304,89.6471,90.3226
1305,89.6471,90.2903
1306,89.6471,90.3226
1307,89.6471,90.3226
1308,89.6471,90.3226
1309,89.6471,90.3226
1310,89.6471,90.3226
1311,89.6471,90.3226
1312,89.6471,90.3226
1313,89.6471,90.3548
1314,89.6471,90.3548
1315,89.6471,90.3548
1316,89.6471,90.3226
1317,89.6471,90.3226
1318,89.6471,90.3226
1319,89.6471,90.3226
1320,89.6471,90.3226
1321,89.6471,90.3226
1322,89.6471,90.3226
1323,89.6471,90.3226
1324,89.6471,90.3226
1325,89.6471,90.3226
1326,89.6471,90.3548
1327,89.6471,90.3548
1328,89.6471,90.3548
1329,89.6471,90.3548
1330,89.6471,90.3871
1331,89.6471,90.3871
1332,89.6471,90.3871
1333,89.6471,90.3871
1334,89.6471,90.4194
1335,89.6471,90.4194
1336,89.6471,90.4194
1337,89.6471,90.4194
1338,89.6471,90.4194
1339,89.6471,90.4194
1340,89.6471,90.4194
1341,89.6471,90.4194
1342,89.6471,90.4194
1343,89.6471,90.4516
1344,89.6471,90.4516
1345,89.6471,90.4516
1346,89.6471,90.4516
1347,89.6471,90.4516
1348,89.6471,90.4516
1349,89.6471,90.4516
1350,89.6471,90.4516
1351,89.6471,90.4516
1352,89.6471,90.4516
1353,89.6471,90.4516
1354,89.6471,90.4839
1355,89.6471,90.4839
1356,89.6471,90.4839
1357,89.6471,90.4839
1358,89.6471,90.4839
1359,89.6471,90.4839
1360,89.6471,90.4839
1361,89.6471,90.4839
1362,89.6471,90.4839
1363,89.6471,90.4839
1364,89.6471,90.4839
1365,89.7647,90.4839
1366,89.7647,90.4839
1367,89.7647,90.5161
1368,89.7647,90.5161
1369,89.7647,90.5161
1370,89.7647,90.5161
1371,89.7647,90.5161
1372,89.7647,90.5161
1373,89.7647,90.5161
1374,89.7647,90.5161
1375,89.7647,90.5161
1376,89.7647,90.5161
1377,89.7647,90.5161
1378,89.7647,90.5161
1379,89.7647,90.5161
1380,89.7647,90.5161
1381,89.7647,90.5161
1382,89.7647,90.5161
1383,89.7647,90.5161
1384,89.7647,90.5161
1385,89.7647,90.5161
1386,89.7647,90.5161
1387,89.7647,90.5161
1388,89.7647,90.5161
1389,89.7647,90.5161
1390,89.7647,90.5161
1391,89.7647,90.5161
1392,89.7647,90.4839
1393,89.7647,90.4839
1394,89.7647,90.4839
1395,89.7647,90.5161
1396,89.7647,90.5161
1397,89.7647,90.5161
1398,89.7647,90.5484
1399,89.7647,90.5484
1400,89.7647,90.5484
1401,89.7647,90.5484
1402,89.7647,90.5484
1403,89.7647,90.5161
1404,89.7647,90.5161
1405,89.7647,90.5161
1406,89.7647,90.5161
1407,89.7647,90.5161
1408,89.7647,90.5161
1409,89.6471,90.5161
1410,89.6471,90.5161
1411,89.6471,90.5161
1412,89.6471,90.5161
1413,89.6471,90.5161
1414,89.6471,90.5161
1415,89.6471,90.5161
1416,89.6471,90.5161
1417,89.6471,90.5161
1418,89.6471,90.5161
1419,89.6471,90.5161
1420,89.6471,90.5161
1421,89.6471,90.5161
1422,89.6471,90.5161
1423,89.6471,90.5161
1424,89.6471,90.5161
1425,89.6471,90.5161
1426,89.6471,90.5161
1427,89.6471,90.4839
1428,89.6471,90.4839
1429,89.6471,90.4839
1430,89.6471,90.4839
1431,89.6471,90.4839
1432,89.6471,90.4839
1433,89.6471,90.4839
1434,89.6471,90.4839
1435,89.6471,90.4839
1436,89.6471,90.4839
1437,89.6471,90.4839
1438,89.6471,90.4839
1439,89.6471,90.4839
1440,89.6471,90.4839
1441,89.6471,90.4839
1442,89.6471,90.4839
1443,89.6471,90.4839
1444,89.6471,90.4839
1445,89.6471,90.4839
1446,89.6471,90.4839
1447,89.6471,90.4839
1448,89.6471,90.4839
1449,89.6471,90.4839
1450,89.6471,90.4839
1451,89.6471,90.4839
1452,89.6471,90.4839
1453,89.6471,90.4839
1454,89.6471,90.4839
1455,89.6471,90.4839
1456,89.6471,90.4839
1457,89.6471,90.4839
1458,89.6471,90.4839
1459,89.6471,90.4839
1460,89.6471,90.4516
1461,89.6471,90.4516
1462,89.6471,90.4516
1463,89.6471,90.4516
1464,89.6471,90.4516
1465,89.6471,90.4516
1466,89.6471,90.4516
1467,89.6471,90.4516
1468,89.6471,90.4516
1469,89.6471,90.4516
1470,89.6471,90.4516
1471,89.6471,90.4516
1472,89.6471,90.4516
1473,89.6471,90.4516
1474,89.6471,90.4516
1475,89.6471,90.4516
1476,89.6471,90.4516
1477,89.6471,90.4516
1478,89.6471,90.4516
1479,89.6471,90.4516
1480,89.6471,90.4516
1481,89.6471,90.4516
1482,89.6471,90.4516
1483,89.6471,90.4516
1484,89.5294,90.4516
1485,89.5294,90.4516
1486,89.5294,90.4516
1487,89.5294,90.4516
1488,89.5294,90.4516
1489,89.5294,90.4516
1490,89.5294,90.4516
1491,89.5294,90.4516
1492,89.5294,90.4516
1493,89.5294,90.4516
1494,89.5294,90.4516
1495,89.5294,90.4516
1496,89.5294,90.4516
1497,89.5294,90.4516
1498,89.5294,90.4516
1499,89.5294,90.4516
1500,89.5294,90.4516
1501,89.5294,90.4516
1502,89.5294,90.4516
1503,89.5294,90.4516
1504,89.5294,90.4516
1505,89.5294,90.4516
1506,89.5294,90.4516
1507,89.5294,90.4516
1508,89.5294,90.4194
1509,89.5294,90.4194
1510,89.5294,90.4194
1511,89.5294,90.4194
1512,89.5294,90.4194
1513,89.5294,90.4194
1514,89.5294,90.4194
1515,89.5294,90.4194
1516,89.5294,90.4194
1517,89.5294,90.4194
1518,89.5294,90.4194
1519,89.5294,90.4194
1520,89.5294,90.4194
1521,89.5294,90.4194
1522,89.5294,90.4194
1523,89.5294,90.4194
1524,89.5294,90.4194
1525,89.5294,90.4194
1526,89.5294,90.4194
1527,89.5294,90.4194
1528,89.5294,90.4194
1529,89.5294,90.4194
1530,89.5294,90.4194
1531,89.5294,90.4194
1532,89.5294,90.4194
1533,89.5294,90.4194
1534,89.5294,90.4194
1535,89.5294,90.4194
1536,89.5294,90.4194
1537,89.5294,90.4194
1538,89.5294,90.4194
1539,89.5294,90.4194
1540,89.5294,90.4194
1541,89.5294,90.4194
1542,89.5294,90.4194
1543,89.5294,90.4194
1544,89.5294,90.4194
1545,89.5294,90.4194
1546,89.5294,90.4194
1547,89.5294,90.4194
1548,89.5294,90.4194
1549,89.5294,90.4194
1550,89.5294,90.4194
1551,89.5294,90.4194
1552,89.5294,90.4194
1553,89.5294,90.4194
1554,89.5294,90.4194
1555,89.5294,90.4194
1556,89.5294,90.4194
1557,89.5294,90.4194
1558,89.5294,90.4194
1559,89.5294,90.4194
1560,89.5294,90.4194
1561,89.5294,90.4194
1562,89.5294,90.4194
1563,89.5294,90.4194
1564,89.5294,90.4194
1565,89.5294,90.4194
1566,89.5294,90.4194
1567,89.5294,90.4194
1568,89.5294,90.4194
1569,89.5294,90.4194
1570,89.5294,90.3871
1571,89.5294,90.3871
1572,89.5294,90.4194
1573,89.5294,90.4194
1574,89.5294,90.4194
1575,89.5294,90.4194
1576,89.5294,90.4194
1577,89.5294,90.4194
1578,89.5294,90.4194
1579,89.5294,90.4194
1580,89.5294,90.4194
1581,89.5294,90.4194
1582,89.5294,90.4194
1583,89.5294,90.4194
1584,89.5294,90.4194
1585,89.5294,90.4516
1586,89.5294,90.4516
1587,89.5294,90.4516
1588,89.5294,90.4516
1589,89.5294,90.4516
1590,89.5294,90.4516
1591,89.5294,90.4516
1592,89.5294,90.4516
1593,89.5294,90.4516
1594,89.5294,90.4516
1595,89.5294,90.4516
1596,89.5294,90.4516
1597,89.5294,90.4516
1598,89.5294,90.4516
1599,89.5294,90.4839
1600,89.5294,90.4516
1601,89.6471,90.4516
1602,89.6471,90.4516
1603,89.6471,90.4516
1604,89.6471,90.4516
1605,89.7647,90.4516
1606,89.7647,90.4516
1607,89.7647,90.4516
1608,89.7647,90.4516
1609,89.7647,90.4516
1610,89.7647,90.4516
1611,89.7647,90.4516
1612,89.7647,90.4516
1613,89.7647,90.4516
1614,89.7647,90.4516
1615,89.7647,90.4516
1616,89.7647,90.4516
1617,89.7647,90.4516
1618,89.7647,90.4516
1619,89.7647,90.4516
1620,89.7647,90.4516
1621,89.7647,90.4516
1622,89.7647,90.4516
1623,89.7647,90.4516
1624,89.7647,90.4516
1625,89.7647,90.4839
1626,89.7647,90.4839
1627,89.7647,90.4839
1628,89.7647,90.4839
1629,89.7647,90.4839
1630,89.7647,90.4839
1631,89.7647,90.4839
1632,89.7647,90.4839
1633,89.7647,90.4839
1634,89.7647,90.4839
1635,89.7647,90.4839
1636,89.7647,90.4839
1637,89.7647,90.4839
1638,89.7647,90.4839
1639,89.7647,90.4839
1640,89.7647,90.4839
1641,89.7647,90.4839
1642,89.7647,90.4839
1643,89.7647,90.4839
1644,89.7647,90.4839
1645,89.7647,90.4839
1646,89.7647,90.4839
1647,89.7647,90.4839
1648,89.7647,90.4839
1649,89.7647,90.4839
1650,89.7647,90.4839
1651,89.7647,90.4839
1652,89.7647,90.4839
1653,89.7647,90.4839
1654,89.7647,90.4839
1655,89.7647,90.4839
1656,89.7647,90.4839
1657,89.7647,90.4839
1658,89.7647,90.4839
1659,89.7647,90.5161
1660,89.7647,90.5161
1661,89.7647,90.5161
1662,89.7647,90.5161
1663,89.7647,90.5161
1664,89.7647,90.5161
1665,89.7647,90.5161
1666,89.7647,90.5161
1667,89.7647,90.5161
1668,89.7647,90.5161
1669,89.7647,90.5161
1670,89.7647,90.5161
1671,89.7647,90.5161
1672,89.7647,90.5161
1673,89.7647,90.5161
1674,89.7647,90.5161
1675,89.7647,90.5161
1676,89.7647,90.5161
1677,89.7647,90.5161
1678,89.7647,90.4839
1679,89.7647,90.4839
1680,89.7647,90.4839
1681,89.7647,90.4839
1682,89.7647,90.4839
1683,89.7647,90.5161
1684,89.7647,90.5161
1685,89.7647,90.5161
1686,89.7647,90.5161
1687,89.7647,90.5161
1688,89.7647,90.5161
1689,89.7647,90.5161
1690,89.7647,90.5161
1691,89.7647,90.5161
1692,89.7647,90.5161
1693,89.7647,90.5161
1694,89.7647,90.5161
1695,89.7647,90.5161
1696,89.7647,90.5161
1697,89.7647,90.5484
1698,89.7647,90.5484
1699,89.7647,90.5484
1700,89.7647,90.5484
1701,89.7647,90.5484
1702,89.7647,90.5484
1703,89.7647,90.5484
1704,89.7647,90.5484
1705,89.7647,90.5806
1706,89.7647,90.5806
1707,89.7647,90.5806
1708,89.7647,90.5806
1709,89.7647,90.5806
1710,89.7647,90.5806
1711,89.7647,90.5806
1712,89.7647,90.5806
1713,89.7647,90.5806
1714,89.7647,90.6129
1715,89.7647,90.6129
1716,89.7647,90.6129
1717,89.7647,90.6129
1718,89.7647,90.6129
1719,89.7647,90.6129
1720,89.7647,90.6129
1721,89.7647,90.6129
1722,89.7647,90.6129
1723,89.7647,90.6129
1724,89.7647,90.6129
1725,89.7647,90.6129
1726,89.8824,90.6129
1727,89.8824,90.6129
1728,89.8824,90.6129
1729,89.8824,90.6129
1730,89.8824,90.6129
1731,89.8824,90.6129
1732,89.8824,90.6129
1733,89.8824,90.6129
1734,89.8824,90.6129
1735,89.8824,90.6129
1736,89.8824,90.6129
1737,89.8824,90.6129
1738,89.8824,90.6452
1739,89.8824,90.6452
1740,89.8824,90.6452
1741,89.8824,90.6452
1742,89.8824,90.6452
1743,89.8824,90.6452
1744,89.8824,90.6452
1745,89.8824,90.6452
1746,89.8824,90.6452
1747,89.8824,90.6452
1748,89.8824,90.6452
1749,89.8824,90.6452
1750,89.8824,90.6452
1751,89.8824,90.6452
1752,89.8824,90.6452
1753,89.8824,90.6452
1754,89.8824,90.6452
1755,89.8824,90.6774
1756,89.8824,90.6774
1757,89.8824,90.6774
1758,89.8824,90.6774
1759,89.8824,90.6774
1760,89.8824,90.6774
1761,89.8824,90.6774
1762,89.8824,90.6774
1763,89.8824,90.6774
1764,89.8824,90.6774
1765,89.8824,90.6774
1766,89.8824,90.7097
1767,89.8824,90.7097
1768,89.8824,90.7097
1769,89.8824,90.7097
1770,89.8824,90.7097
1771,89.8824,90.7419
1772,89.8824,90.7419
1773,89.8824,90.7419
1774,89.8824,90.7419
1775,89.8824,90.7419
1776,89.8824,90.7419
1777,89.8824,90.7419
1778,89.8824,90.7419
1779,89.8824,90.7419
1780,89.8824,90.7419
1781,89.8824,90.7419
1782,89.8824,90.7419
1783,89.8824,90.7419
1784,89.8824,90.7419
1785,90,90.7419
1786,90,90.7419
1787,90,90.7419
1788,90,90.7419
1789,90,90.7419
1790,90,90.7419
1791,90,90.7419
1792,90,90.7419
1793,90,90.7419
1794,90,90.7419
1795,90,90.7419
1796,90,90.7419
1797,90,90.7419
1798,90,90.7419
1799,90,90.7419
1800,90,90.7419
1801,90,90.7742
1802,90,90.7742
1803,90,90.7419
1804,90,90.7419
1805,90,90.7419
1806,90,90.7419
1807,90,90.7419
1808,90,90.7742
1809,90,90.7742
1810,90,90.7742
1811,90,90.7742
1812,90,90.7742
1813,90,90.7742
1814,90,90.7742
1815,90,90.7742
1816,90,90.7742
1817,90,90.7742
1818,90,90.7742
1819,90,90.8065
1820,90,90.8065
1821,90,90.8065
1822,90,90.8065
1823,90,90.8065
1824,90,90.8065
1825,90,90.8065
1826,90,90.8065
1827,90,90.8065
1828,90,90.8065
1829,90,90.8065
1830,90,90.8065
1831,90,90.8065
1832,90,90.8065
1833,90,90.8065
1834,90,90.8065
1835,90,90.8065
1836,90,90.8065
1837,90,90.8065
1838,90,90.8065
1839,90,90.8065
1840,90,90.8065
1841,90,90.8065
1842,90,90.8065
1843,90,90.8065
1844,90,90.8387
1845,90,90.8387
1846,90,90.8387
1847,90,90.8387
1848,90,90.8387
1849,90,90.8387
1850,90,90.8387
1851,90,90.8387
1852,90,90.871
1853,90,90.871
1854,90,90.871
1855,90,90.871
1856,90,90.871
1857,90,90.871
1858,90,90.871
1859,90,90.871
1860,90.1176,90.871
1861,90.1176,90.871
1862,90.1176,90.871
1863,90.1176,90.871
1864,90.1176,90.871
1865,90.1176,90.871
1866,90.1176,90.871
1867,90.2353,90.871
1868,90.2353,90.871
1869,90.2353,90.871
1870,90.2353,90.871
1871,90.2353,90.871
1872,90.2353,90.871
1873,90.2353,90.871
1874,90.2353,90.871
1875,90.2353,90.871
1876,90.2353,90.871
1877,90.2353,90.871
1878,90.2353,90.871
1879,90.2353,90.871
1880,90.2353,90.871
1881,90.2353,90.871
1882,90.2353,90.871
1883,90.2353,90.871
1884,90.2353,90.871
1885,90.2353,90.871
1886,90.2353,90.871
1887,90.2353,90.871
1888,90.2353,90.871
1889,90.2353,90.871
1890,90.2353,90.871
1891,90.2353,90.871
1892,90.2353,90.871
1893,90.2353,90.871
1894,90.2353,90.871
1895,90.2353,90.871
1896,90.2353,90.9032
1897,90.2353,90.9032
1898,90.2353,90.9032
1899,90.2353,90.9032
1900,90.2353,90.9032
1901,90.2353,90.9032
1902,90.2353,90.9032
1903,90.2353,90.9032
1904,90.2353,90.9032
1905,90.2353,90.9032
1906,90.2353,90.9032
1907,90.2353,90.9032
1908,90.2353,90.9032
1909,90.2353,90.9032
1910,90.2353,90.9032
1911,90.2353,90.9032
1912,90.2353,90.9032
1913,90.2353,90.9032
1914,90.2353,90.9032
1915,90.2353,90.9032
1916,90.2353,90.9032
1917,90.2353,90.9032
1918,90.2353,90.9032
1919,90.2353,90.9032
1920,90.2353,90.9032
1921,90.2353,90.9032
1922,90.2353,90.9032
1923,90.2353,90.9032
1924,90.2353,90.9032
1925,90.2353,90.9032
1926,90.2353,90.9032
1927,90.2353,90.9032
1928,90.2353,90.9032
1929,90.2353,90.9032
1930,90.2353,90.9032
1931,90.2353,90.9032
1932,90.2353,90.9032
1933,90.2353,90.9032
1934,90.2353,90.9032
1935,90.2353,90.9032
1936,90.2353,90.9032
1937,90.2353,90.9032
1938,90.2353,90.9032
1939,90.2353,90.9032
1940,90.2353,90.9032
1941,90.2353,90.9032
1942,90.2353,90.9032
1943,90.2353,90.9032
1944,90.2353,90.9032
1945,90.2353,90.9032
1946,90.2353,90.9032
1947,90.2353,90.9032
1948,90.2353,90.9032
1949,90.2353,90.9032
1950,90.2353,90.9032
1951,90.2353,90.9032
1952,90.2353,90.9032
1953,90.2353,90.9032
1954,90.2353,90.9032
1955,90.2353,90.9032
1956,90.2353,90.9032
1957,90.2353,90.9032
1958,90.2353,90.9032
1959,90.2353,90.9032
1960,90.2353,90.9032
1961,90.2353,90.9032
1962,90.2353,90.9032
1963,90.2353,90.9032
1964,90.2353,90.9032
1965,90.2353,90.9032
1966,90.2353,90.9032
1967,90.2353,90.9032
1968,90.2353,90.9032
1969,90.2353,90.9032
1970,90.2353,90.9032
1971,90.2353,90.9355
1972,90.2353,90.9355
1973,90.2353,90.9355
1974,90.2353,90.9355
1975,90.2353,90.9355
1976,90.2353,90.9355
1977,90.2353,90.9355
1978,90.2353,90.9355
1979,90.2353,90.9355
1980,90.2353,90.9355
1981,90.2353,90.9355
1982,90.1176,90.9355
1983,90.1176,90.9355
1984,90.1176,90.9355
1985,90.1176,90.9355
1986,90.1176,90.9355
1987,90.1176,90.9355
1988,90.1176,90.9355
1989,90.1176,90.9355
1990,90.1176,90.9355
1991,90.1176,90.9355
1992,90.1176,90.9355
1993,90.1176,90.9355
1994,90.1176,90.9355
1995,90.1176,90.9032
1996,90.1176,90.9032
1997,90.1176,90.9032
1998,90.1176,90.9032
1999,90.1176,90.9032
2000,90.1176,90.9032
2001,90.1176,90.9032
2002,90.1176,90.9032
2003,90.1176,90.9032
2004,90.1176,90.9032
2005,90.1176,90.9032
2006,90.1176,90.9032
2007,90.1176,90.9032
2008,90.1176,90.9032
2009,90.1176,90.9032
2010,90.1176,90.9032
2011,90.1176,90.9032
2012,90.1176,90.9032
2013,90.1176,90.9032
2014,90.1176,90.9032
2015,90.1176,90.9032
2016,90.1176,90.9032
2017,90.1176,90.9032
2018,90.1176,90.9032
2019,90.1176,90.9032
2020,90.1176,90.9032
2021,90.1176,90.9032
2022,90.1176,90.9032
2023,90.1176,90.9032
2024,90.1176,90.9032
2025,90.1176,90.9355
2026,90.1176,90.9355
2027,90.1176,90.9677
2028,90.1176,90.9677
2029,90.1176,90.9677
2030,90.1176,90.9677
2031,90.1176,90.9677
2032,90.1176,90.9677
2033,90.1176,90.9677
2034,90.1176,90.9677
2035,90.1176,90.9677
2036,90.1176,90.9677
2037,90.1176,90.9677
2038,90.1176,90.9677
2039,90.1176,90.9677
2040,90.1176,90.9677
2041,90.1176,90.9677
2042,90.1176,90.9677
2043,90.1176,90.9677
2044,90.1176,90.9677
2045,90.1176,90.9677
2046,90.1176,90.9677
2047,90.1176,90.9677
2048,90.1176,90.9677
2049,90.1176,90.9677
2050,90.1176,90.9677
2051,90.1176,90.9677
2052,90.1176,90.9677
2053,90.1176,90.9677
2054,90.1176,90.9677
2055,90.1176,90.9677
2056,90.1176,90.9677
2057,90.1176,90.9677
2058,90.1176,90.9677
2059,90.1176,90.9677
2060,90.1176,90.9677
2061,90.1176,90.9677
2062,90.1176,90.9677
2063,90.1176,90.9677
2064,90.1176,90.9677
2065,90.1176,90.9677
2066,90.1176,90.9677
2067,90.1176,91
2068,90.1176,91
2069,90.1176,91
2070,90.1176,91
2071,90,91
2072,90,91
2073,90,91
2074,90,91
2075,90,91
2076,90,91
2077,90,91
2078,90,91
2079,90,91
2080,90,91
2081,90,91
2082,90,91
2083,90,91
2084,90,91
2085,90,91
2086,90,91
2087,90,91
2088,90,91
2089,90,91
2090,90,91
2091,90,91
2092,90.1176,91
2093,90.1176,91
2094,90.1176,91
2095,90.1176,91
2096,90.1176,91.0323
2097,90.1176,91.0323
2098,90.1176,91.0323
2099,90.1176,91.0323
2100,90.1176,91.0323
2101,90.1176,91.0323
2102,90.1176,91.0323
2103,90.1176,91.0323
2104,90.1176,91.0323
2105,90.1176,91.0323
2106,90.1176,91.0323
2107,90.1176,91.0323
2108,90.1176,91.0323
2109,90.1176,91.0323
2110,90.1176,91.0323
2111,90.1176,91.0323
2112,90.1176,91.0323
2113,90.1176,91.0323
2114,90.1176,91.0323
2115,90.1176,91.0323
2116,90.1176,91.0323
2117,90.1176,91.0323
2118,90.1176,91.0323
2119,90.1176,91.0323
2120,90.1176,91.0323
2121,90.1176,91.0323
2122,90.1176,91.0323
2123,90.1176,91.0323
2124,90.1176,91.0323
2125,90.1176,91.0323
2126,90.1176,91.0323
2127,90.1176,91.0323
2128,90.1176,91.0323
2129,90.1176,91.0323
2130,90.1176,91.0323
2131,90.1176,91.0323
2132,90.1176,91.0323
2133,90.1176,91.0323
2134,90.1176,91.0323
2135,90.1176,91.0323
2136,90.1176,91.0323
2137,90.1176,91.0323
2138,90.1176,91
2139,90.1176,91
2140,90.1176,91.0323
2141,90.1176,91.0323
2142,90.1176,91.0323
2143,90.1176,91.0323
2144,90.1176,91.0323
2145,90.1176,91.0323
2146,90.1176,91.0323
2147,90.1176,91.0323
2148,90.1176,91
2149,90.1176,91
2150,90.1176,91
2151,90.1176,91
2152,90.1176,91
2153,90.1176,91.0323
2154,90.1176,91.0323
2155,90.1176,91.0323
2156,90.1176,91.0323
2157,90.1176,91.0323
2158,90.1176,91.0323
2159,90.1176,91.0323
2160,90.1176,91.0323
2161,90.1176,91.0323
2162,90.1176,91.0323
2163,90.1176,91.0323
2164,90.1176,91.0323
2165,90.1176,91.0323
2166,90.1176,91.0323
2167,90.1176,91.0323
2168,90.1176,91.0323
2169,90.1176,91.0323
2170,90.1176,91.0323
2171,90.1176,91.0323
2172,90.1176,91.0323
2173,90.1176,91.0323
2174,90.1176,91.0323
2175,90.1176,91.0323
2176,90.1176,91.0323
2177,90.1176,91.0323
2178,90.1176,91.0323
2179,90.1176,91.0645
2180,90.1176,91.0645
2181,90.1176,91.0645
2182,90.1176,91.0645
2183,90.1176,91.0968
2184,90.1176,91.0968
2185,90.1176,91.0968
2186,90.1176,91.0968
2187,90.1176,91.129
2188,90.1176,91.129
2189,90.1176,91.129
2190,90.1176,91.129
2191,90.1176,91.129
2192,90.1176,91.129
2193,90.1176,91.1613
2194,90.1176,91.1613
2195,90.1176,91.1613
2196,90.1176,91.1613
2197,90.1176,91.1613
2198,90.1176,91.1613
2199,90.1176,91.1613
2200,90.1176,91.1613
2201,90.1176,91.1613
2202,90.1176,91.1613
2203,90.1176,91.1613
2204,90.1176,91.1613
2205,90.1176,91.1613
2206,90.1176,91.1613
2207,90.2353,91.1613
2208,90.2353,91.1613
2209,90.2353,91.1613
2210,90.2353,91.1613
2211,90.2353,91.1935
2212,90.2353,91.1935
2213,90.2353,91.1935
2214,90.2353,91.1613
2215,90.2353,91.1613
2216,90.2353,91.1613
2217,90.2353,91.1613
2218,90.2353,91.1613
2219,90.2353,91.1613
2220,90.2353,91.1613
2221,90.2353,91.1613
2222,90.2353,91.1613
2223,90.2353,91.1613
2224,90.2353,91.1613
2225,90.2353,91.1613
2226,90.2353,91.1613
2227,90.2353,91.1613
2228,90.2353,91.1613
2229,90.2353,91.1613
2230,90.2353,91.1613
2231,90.2353,91.1613
2232,90.2353,91.1613
2233,90.2353,91.1935
2234,90.2353,91.1935
2235,90.2353,91.1935
2236,90.2353,91.1935
2237,90.2353,91.1935
2238,90.2353,91.1935
2239,90.2353,91.1935
2240,90.2353,91.1935
2241,90.2353,91.1935
2242,90.2353,91.1935
2243,90.2353,91.1935
2244,90.2353,91.1935
2245,90.2353,91.1935
2246,90.2353,91.1935
2247,90.2353,91.1935
2248,90.2353,91.1935
2249,90.2353,91.1935
2250,90.2353,91.1935
2251,90.2353,91.1935
2252,90.2353,91.1935
2253,90.2353,91.1935
2254,90.2353,91.1613
2255,90.2353,91.1613
2256,90.2353,91.1613
2257,90.2353,91.1613
2258,90.2353,91.1613
2259,90.2353,91.1613
2260,90.2353,91.1613
2261,90.2353,91.1613
2262,90.2353,91.1613
2263,90.2353,91.1613
2264,90.2353,91.1613
2265,90.2353,91.1613
2266,90.2353,91.1613
2267,90.2353,91.1613
2268,90.2353,91.1613
2269,90.2353,91.1613
2270,90.2353,91.1613
2271,90.2353,91.1935
2272,90.1176,91.1935
2273,90.1176,91.1935
2274,90.1176,91.1935
2275,90.1176,91.1935
2276,90.1176,91.1935
2277,90.1176,91.1935
2278,90.1176,91.1935
2279,90.1176,91.1935
2280,90.1176,91.1935
2281,90.1176,91.1935
2282,90.1176,91.1935
2283,90.1176,91.1935
2284,90.1176,91.1935
2285,90.1176,91.1935
2286,90.1176,91.1613
2287,90.1176,91.1613
2288,90.1176,91.1613
2289,90.1176,91.1613
2290,90.1176,91.1613
2291,90.1176,91.1613
2292,90.1176,91.1613
2293,90.1176,91.1613
2294,90.1176,91.1613
2295,90.1176,91.1613
2296,90.1176,91.1613
2297,90.1176,91.1613
2298,90.1176,91.1613
2299,90.1176,91.1613
2300,90.1176,91.1613
2301,90.1176,91.1613
2302,90.1176,91.1613
2303,90.1176,91.1613
2304,90.1176,91.1613
2305,90.1176,91.1613
2306,90.1176,91.1613
2307,90.1176,91.1613
2308,90.1176,91.0968
2309,90.1176,91.0968
2310,90.1176,91.0968
2311,90.1176,91.0968
2312,90.1176,91.0968
2313,90.1176,91.0968
2314,90.1176,91.0968
2315,90.1176,91.0968
2316,90.1176,91.0968
2317,90.1176,91.129
2318,90.1176,91.129
2319,90.1176,91.129
2320,90.1176,91.129
2321,90.1176,91.129
2322,90.1176,91.129
2323,90.1176,91.129
2324,90.1176,91.129
2325,90.1176,91.129
2326,90.1176,91.129
2327,90.1176,91.129
2328,90.1176,91.129
2329,90.1176,91.129
2330,90.1176,91.129
2331,90.1176,91.129
2332,90.1176,91.129
2333,90.1176,91.129
2334,90.1176,91.1613
2335,90.1176,91.1613
2336,90.1176,91.1613
2337,90.1176,91.1613
2338,90.1176,91.1613
2339,90.1176,91.1613
2340,90.1176,91.1935
2341,90.1176,91.1935
2342,90.1176,91.1935
2343,90.1176,91.1935
2344,90.1176,91.1935
2345,90.1176,91.1935
2346,90.1176,91.1935
2347,90.1176,91.1935
2348,90.1176,91.1935
2349,90.1176,91.1935
2350,90.1176,91.1935
2351,90.1176,91.1935
2352,90.1176,91.1935
2353,90.1176,91.1935
2354,90.1176,91.1935
2355,90.1176,91.1935
2356,90.1176,91.1935
2357,90.1176,91.1935
2358,90.1176,91.1935
2359,90.1176,91.1935
2360,90.1176,91.1935
2361,90.1176,91.1935
2362,90.1176,91.1935
2363,90.1176,91.1935
2364,90.1176,91.1935
2365,90.1176,91.1935
2366,90.1176,91.1935
2367,90.1176,91.1935
2368,90.1176,91.1935
2369,90.1176,91.1935
2370,90.1176,91.1935
2371,90.1176,91.1935
2372,90.1176,91.1935
2373,90.1176,91.1935
2374,90.1176,91.1935
2375,90.1176,91.1935
2376,90.1176,91.1935
2377,90.1176,91.1935
2378,90.1176,91.1935
2379,90.1176,91.1935
2380,90.1176,91.1935
2381,90.1176,91.1935
2382,90.1176,91.1935
2383,90.1176,91.1935
2384,90.1176,91.1935
2385,90.1176,91.1935
2386,90.1176,91.1935
2387,90.1176,91.1935
2388,90.1176,91.1935
2389,90.1176,91.1935
2390,90.1176,91.1935
2391,90.1176,91.1935
2392,90.1176,91.1935
2393,90.1176,91.1935
2394,90.1176,91.1935
2395,90.1176,91.1935
2396,90.1176,91.2258
2397,90.1176,91.2258
2398,90.1176,91.2258
2399,90.1176,91.2258
2400,90.1176,91.2258
2401,90.1176,91.2258
2402,90.1176,91.2258
2403,90.1176,91.2258
2404,90.1176,91.2258
2405,90.1176,91.2258
2406,90.1176,91.2258
2407,90.1176,91.2258
2408,90.1176,91.2258
2409,90.1176,91.2258
2410,90.1176,91.2258
2411,90.1176,91.2258
2412,90.1176,91.2258
2413,90.1176,91.2258
2414,90.1176,91.2258
2415,90.1176,91.2258
2416,90.1176,91.2258
2417,90.1176,91.2258
2418,90.1176,91.2258
2419,90.1176,91.2258
2420,90.1176,91.2258
2421,90.1176,91.2258
2422,90.1176,91.2258
2423,90.1176,91.2258
2424,90.1176,91.2258
2425,90.1176,91.2258
2426,90.1176,91.2258
2427,90.1176,91.2258
2428,90.1176,91.2258
2429,90.1176,91.2258
2430,90.1176,91.2258
2431,90.1176,91.2258
2432,90.1176,91.2258
2433,90.1176,91.2258
2434,90.1176,91.2258
2435,90.1176,91.2581
2436,90.1176,91.2581
2437,90.1176,91.2581
2438,90.1176,91.2581
2439,90.1176,91.2581
2440,90.1176,91.2581
2441,90.1176,91.2581
2442,90.1176,91.2903
2443,90.1176,91.2903
2444,90.1176,91.2903
2445,90,91.2903
2446,90,91.2903
2447,90,91.2903
2448,90,91.2903
2449,90,91.2903
2450,90,91.2903
2451,90,91.2903
2452,90,91.2903
2453,90,91.2903
2454,90,91.2903
2455,90,91.2903
2456,90,91.2903
2457,90,91.2903
2458,90,91.2903
2459,90,91.2903
2460,90,91.2903
2461,90,91.2903
2462,90,91.2903
2463,90,91.2903
2464,90,91.2903
2465,90,91.2903
2466,90,91.2903
2467,90,91.2903
2468,90,91.2903
2469,90,91.2903
2470,90,91.2903
2471,90,91.2903
2472,90,91.2903
2473,90,91.2903
2474,90,91.2903
2475,90,91.2903
2476,90,91.2903
2477,90,91.2903
2478,90,91.2903
2479,90,91.2903
2480,90,91.2903
2481,90,91.2903
2482,90,91.2903
2483,90,91.2903
2484,90,91.2903
2485,90,91.2903
2486,90,91.2903
2487,90,91.2903
2488,90,91.2903
2489,90,91.2903
2490,90,91.2903
2491,90,91.2903
2492,90,91.2903
2493,90,91.2903
2494,90,91.3226
2495,90,91.3226
2496,90,91.3226
2497,90,91.3226
2498,90,91.3226
2499,90,91.3226
2500,90,91.3226
2501,90,91.3226
2502,90,91.3226
2503,90,91.3226
2504,90,91.3226
2505,90,91.3226
2506,90,91.3226
2507,90,91.3226
2508,90,91.3226
2509,90,91.3226
2510,90,91.3226
2511,90,91.3226
2512,90,91.3226
2513,90,91.3226
2514,90,91.3226
2515,90,91.3226
2516,90,91.3226
2517,90,91.3226
2518,90,91.3226
2519,90,91.3226
2520,90,91.3226
2521,90,91.3226
2522,90,91.3226
2523,90,91.3226
2524,90,91.3226
2525,90,91.2903
2526,90,91.2903
2527,90,91.2903
2528,90,91.2903
2529,90,91.2903
2530,90,91.2903
2531,90,91.2903
2532,90,91.2903
2533,90,91.2903
2534,90,91.2903
2535,90,91.2903
2536,90,91.2903
2537,90,91.2903
2538,90,91.2903
2539,90,91.2903
2540,90,91.2903
2541,90,91.2903
2542,90,91.2903
2543,90,91.2903
2544,90,91.2903
2545,90,91.2903
2546,90,91.2903
2547,90,91.2903
2548,90,91.2903
2549,90,91.2903
2550,90,91.2903
2551,90,91.2903
2552,90,91.2903
2553,90,91.2903
2554,90,91.2903
2555,90,91.2903
2556,90,91.2903
2557,90,91.2903
2558,90,91.2903
2559,90,91.2903
2560,90,91.2903
2561,90,91.2903
2562,90,91.2903
2563,90,91.2903
2564,90,91.2903
2565,90,91.2903
2566,90,91.2903
2567,90,91.2903
2568,90,91.2903
2569,90,91.2903
2570,90,91.2903
2571,90,91.2903
2572,90,91.2903
2573,90,91.2903
2574,90,91.2903
2575,90,91.2903
2576,90,91.2903
2577,90,91.2903
2578,90,91.2903
2579,90,91.2903
2580,90,91.2903
2581,90,91.2903
2582,90,91.2903
2583,90,91.2903
2584,90,91.2903
2585,90,91.2903
2586,90,91.2903
2587,90,91.2903
2588,90,91.2903
2589,90,91.2903
2590,90,91.2903
2591,90,91.2903
2592,90,91.2903
2593,90,91.2903
2594,90,91.3226
2595,90,91.3226
2596,90,91.3226
2597,90,91.3226
2598,90,91.3226
2599,90,91.3226
2600,90,91.3226
2601,90,91.3226
2602,90,91.3226
2603,90,91.3226
2604,90,91.3226
2605,90,91.3548
2606,90,91.3548
2607,90,91.3548
2608,90,91.3548
2609,90,91.3548
2610,90,91.3548
2611,90,91.3548
2612,90,91.3548
2613,90,91.3871
2614,90,91.3871
2615,90,91.3871
2616,90,91.3871
2617,90,91.4194
2618,90,91.4194
2619,90,91.4194
2620,90,91.4194
2621,90,91.4194
2622,90,91.4194
2623,90,91.4194
2624,90,91.4194
2625,90,91.4194
2626,90,91.4194
2627,90,91.4194
2628,90,91.4194
2629,90,91.4194
2630,90,91.4194
2631,90,91.4194
2632,90,91.4194
2633,90,91.4194
2634,90,91.4194
2635,90,91.4194
2636,90,91.4194
2637,90,91.4194
2638,90,91.4194
2639,90,91.4194
2640,90,91.4194
2641,90,91.4194
2642,90,91.4194
2643,90,91.4194
2644,90,91.4194
2645,90,91.4194
2646,90,91.4194
2647,90,91.4194
2648,90,91.4194
2649,90,91.4194
2650,90,91.4194
2651,90,91.4194
2652,90,91.4194
2653,90,91.4194
2654,90,91.4194
2655,90,91.4194
2656,90,91.4194
2657,90,91.4194
2658,90,91.4194
2659,90,91.4194
2660,90,91.4194
2661,90,91.4194
2662,90,91.4194
2663,90,91.4194
2664,90,91.4194
2665,90,91.4194
2666,90,91.4194
2667,90,91.4194
2668,90,91.4194
2669,90,91.4194
2670,90,91.4194
2671,90,91.4194
2672,90,91.4194
2673,90,91.4194
2674,90,91.4194
2675,90,91.4839
2676,90,91.4839
2677,90,91.4839
2678,90,91.4839
2679,90,91.4839
2680,90,91.4839
2681,90,91.4839
2682,90,91.4839
2683,90,91.5161
2684,90,91.5161
2685,90,91.5161
2686,90,91.5161
2687,90,91.5161
2688,90,91.5161
2689,90,91.5161
2690,90,91.5161
2691,90,91.5161
2692,90,91.5161
2693,90,91.5161
2694,90,91.5161
2695,90,91.5161
2696,90,91.5161
2697,90,91.5161
2698,90,91.5161
2699,90,91.5161
2700,90,91.5161
2701,90,91.5161
2702,90,91.5161
2703,90,91.5161
2704,90,91.5161
2705,90,91.5161
2706,90,91.5161
2707,90,91.5161
2708,90,91.5161
2709,90,91.5161
2710,90,91.5161
2711,90,91.5161
2712,90,91.5161
2713,90,91.5161
2714,90,91.5161
2715,90,91.5161
2716,90,91.5161
2717,90,91.5161
2718,90,91.5161
2719,90,91.5161
2720,90,91.5161
2721,90,91.5161
2722,90,91.5161
2723,90,91.5161
2724,90,91.5161
2725,90,91.5161
2726,90,91.5161
2727,90,91.5161
2728,90,91.5161
2729,90,91.5161
2730,90,91.5161
2731,90,91.5161
2732,90,91.5161
2733,90,91.5161
2734,90,91.5161
2735,90,91.5161
2736,90,91.5161
2737,90,91.5161
2738,90,91.5161
2739,90,91.5161
2740,90,91.5161
2741,90,91.5484
2742,90,91.5484
2743,90,91.5484
2744,90,91.5484
2745,90,91.5484
2746,90,91.5484
2747,90,91.5484
2748,90,91.5484
2749,90,91.5484
2750,90,91.5484
2751,90,91.5484
2752,90,91.5484
2753,90,91.5484
2754,90,91.5484
2755,90,91.5484
2756,90,91.5484
2757,90,91.5484
2758,90,91.5484
2759,90,91.5484
2760,90,91.5484
2761,90,91.5484
2762,90,91.5806
2763,90,91.5806
2764,90,91.5806
2765,90,91.5806
2766,90,91.5806
2767,90,91.5806
2768,90,91.5806
2769,90,91.5806
2770,90,91.5806
2771,90,91.5806
2772,90,91.5806
2773,90,91.5806
2774,90,91.5806
2775,90,91.5806
2776,90,91.5806
2777,90,91.5806
2778,90,91.5806
2779,90,91.5806
2780,90,91.5484
2781,90,91.5484
2782,90,91.5484
2783,90,91.5484
2784,90,91.5484
2785,90,91.5484
2786,90,91.5484
2787,90,91.5484
2788,90,91.5484
2789,90,91.5484
2790,90,91.5484
2791,90,91.5484
2792,90,91.5484
2793,90,91.5484
2794,90,91.5484
2795,90,91.5484
2796,90.1176,91.5484
2797,90.1176,91.5484
2798,90.1176,91.5484
2799,90.1176,91.5484
2800,90.1176,91.5484
2801,90.1176,91.5484
2802,90.1176,91.5484
2803,90.1176,91.5484
2804,90.1176,91.5484
2805,90.1176,91.5484
2806,90.1176,91.5484
2807,90.1176,91.5484
2808,90.1176,91.5484
2809,90.1176,91.5484
2810,90.1176,91.5484
2811,90.1176,91.5484
2812,90.1176,91.5484
2813,90.1176,91.5484
2814,90.1176,91.5484
2815,90.1176,91.5484
2816,90.1176,91.5484
2817,90.1176,91.5484
2818,90.1176,91.5484
2819,90.1176,91.5484
2820,90.1176,91.5484
2821,90.1176,91.5484
2822,90.1176,91.5484
2823,90.1176,91.5484
2824,90.1176,91.5484
2825,90.1176,91.5484
2826,90.1176,91.5484
2827,90.1176,91.5484
2828,90.1176,91.5484
2829,90.1176,91.5484
2830,90.1176,91.5484
2831,90.1176,91.5484
2832,90.1176,91.5484
2833,90.1176,91.5484
2834,90.1176,91.5484
2835,90.1176,91.5484
2836,90.1176,91.5484
2837,90.1176,91.5484
2838,90.1176,91.5484
2839,90.1176,91.5484
2840,90.1176,91.5484
2841,90.1176,91.5484
2842,90.1176,91.5484
2843,90.1176,91.5484
2844,90.1176,91.5484
2845,90.1176,91.5484
2846,90.1176,91.5484
2847,90.1176,91.5484
2848,90.1176,91.5484
2849,90.1176,91.5484
2850,90.1176,91.5484
2851,90.1176,91.5484
2852,90.1176,91.5484
2853,90.1176,91.5484
2854,90.1176,91.5484
2855,90.1176,91.5484
2856,90.1176,91.5484
2857,90,91.5484
2858,90,91.5484
2859,90,91.5484
2860,90,91.5484
2861,90,91.5484
2862,90,91.5484
2863,90,91.5484
2864,90,91.5484
2865,90,91.5484
2866,90,91.5484
2867,90,91.5806
2868,90,91.5806
2869,90,91.5806
2870,90,91.5806
2871,90,91.6129
2872,90,91.6129
2873,90,91.6129
2874,90,91.6129
2875,90,91.6129
2876,90,91.6129
2877,90,91.6129
2878,90,91.6452
2879,90,91.6452
2880,90,91.6452
2881,90,91.6452
2882,90,91.6452
2883,90,91.6452
2884,90,91.6452
2885,90,91.6452
2886,90,91.6452
2887,90,91.6452
2888,89.8824,91.6774
2889,89.8824,91.6774
2890,89.8824,91.6774
2891,89.8824,91.6774
2892,89.8824,91.6774
2893,89.8824,91.6774
2894,89.8824,91.6774
2895,89.8824,91.6774
2896,89.8824,91.6774
2897,89.8824,91.6774
2898,89.8824,91.6774
2899,89.8824,91.6774
2900,89.8824,91.6774
2901,89.8824,91.6774
2902,89.8824,91.6774
2903,89.8824,91.6774
2904,89.8824,91.6774
2905,89.8824,91.6774
2906,89.8824,91.6774
2907,89.8824,91.6774
2908,89.8824,91.6774
2909,89.8824,91.6774
2910,89.8824,91.6774
2911,89.8824,91.6774
2912,89.8824,91.6774
2913,89.8824,91.6774
2914,89.8824,91.6774
2915,89.8824,91.6774
2916,89.8824,91.6774
2917,89.8824,91.6774
2918,89.8824,91.6774
2919,89.8824,91.6774
2920,89.8824,91.6774
2921,89.8824,91.6774
2922,89.8824,91.6774
2923,89.8824,91.6774
2924,89.8824,91.6774
2925,89.8824,91.6774
2926,90,91.6129
2927,90.1176,91.6452
2928,90.1176,91.5806
2929,90.1176,91.6129
2930,90.1176,91.6129
2931,90.2353,91.6129
2932,90.2353,91.6129
2933,90.2353,91.6452
2934,90.2353,91.6452
2935,90.2353,91.6452
2936,90.2353,91.6452
2937,90.2353,91.6774
2938,90.2353,91.7097
2939,90.2353,91.7419
2940,90.2353,91.7742
2941,90.2353,91.8387
2942,90.2353,91.8387
2943,90.2353,91.8387
2944,90.2353,91.8387
2945,90.2353,91.871
2946,90.4706,91.871
2947,90.4706,91.871
2948,90.4706,91.871
2949,90.4706,91.871
2950,90.4706,91.9032
2951,90.4706,91.9355
2952,90.4706,92.0323
2953,90.4706,92.0968
2954,90.4706,92.1613
2955,90.4706,92.1935
2956,90.4706,92.2581
2957,90.4706,92.2581
2958,90.4706,92.3226
2959,90.4706,92.3548
2960,90.5882,92.3548
2961,90.5882,92.3871
2962,90.5882,92.4194
2963,90.4706,92.4194
2964,90.5882,92.4516
2965,90.5882,92.4516
2966,90.5882,92.4516
2967,90.7059,92.4516
2968,90.7059,92.5161
2969,90.7059,92.5161
2970,90.7059,92.5161
2971,90.7059,92.5161
2972,90.7059,92.5161
2973,90.8235,92.5161
2974,90.8235,92.5161
2975,90.8235,92.5484
2976,90.9412,92.5806
2977,90.9412,92.6129
2978,90.9412,92.6452
2979,90.9412,92.6452
2980,90.9412,92.6774
2981,90.9412,92.6774
2982,90.8235,92.7097
2983,90.8235,92.7419
2984,90.8235,92.7419
2985,90.8235,92.7419
2986,90.8235,92.7742
2987,90.8235,92.7742
2988,90.8235,92.8065
2989,90.8235,92.871
2990,90.8235,92.871
2991,90.8235,92.871
2992,90.8235,92.9355
2993,90.8235,92.9677
2994,90.9412,92.9677
2995,90.9412,93
2996,91.0588,93
2997,91.0588,93.0323
2998,91.1765,93
2999,91.1765,93
