0,14.7059,15.0645
1,22.5882,22.4194
2,22.1176,21.6774
3,23.2941,23.129
4,26.8235,26.5161
5,30.3529,28.9677
6,32.4706,31.1613
7,34.1176,33.0968
8,36.9412,36
9,39.8824,38.5161
10,42,41
11,47.4118,45.871
12,49.4118,49.2258
13,52.7059,52.4516
14,55.4118,55.7419
15,58.2353,57.8387
16,60,59.2258
17,61.4118,61.129
18,62.2353,63.0968
19,63.1765,65.129
20,66,67.0323
21,69.4118,69.1613
22,70.7059,71.9677
23,73.6471,74
24,75.0588,74.8065
25,75.5294,75.5806
26,75.6471,75.7742
27,76.4706,75.9355
28,76.5882,76.1935
29,76.8235,76.8065
30,77.2941,77.129
31,77.2941,77.6774
32,77.7647,78
33,78.3529,78.2581
34,78.8235,78.5806
35,79.1765,78.7097
36,79.5294,79.3548
37,79.5294,79.5484
38,79.7647,79.8387
39,80,80.0645
40,80.4706,80.4516
41,80.7059,80.7419
42,81.1765,81.129
43,81.4118,81.3871
44,81.5294,81.5806
45,81.5294,81.871
46,81.8824,82
47,82,82.1935
48,82,82.2581
49,81.8824,82.4194
50,82.1176,82.6452
51,82.3529,82.871
52,82.7059,83
53,82.8235,83.0968
54,82.8235,83.2903
55,82.9412,83.3548
56,83.0588,83.4839
57,83.2941,83.6129
58,83.5294,83.6129
59,84,83.6452
60,83.8824,83.6774
61,83.8824,83.9032
62,83.8824,83.9355
63,84.2353,84.0645
64,84.2353,84.0645
65,84.3529,84.0645
66,84.4706,84.1935
67,84.4706,84.2258
68,84.4706,84.1935
69,84.7059,84.2903
70,84.7059,84.2903
71,84.9412,84.3226
72,84.7059,84.3226
73,84.8235,84.4194
74,85.0588,84.5161
75,85.0588,84.6452
76,85.5294,84.6774
77,85.5294,84.7419
78,85.6471,84.6774
79,85.6471,84.6452
80,85.7647,84.7097
81,85.7647,84.9032
82,85.6471,84.871
83,85.6471,84.9032
84,85.6471,85
85,85.7647,85.0645
86,85.8824,85.0645
87,85.7647,85.1613
88,85.7647,85.1935
89,85.8824,85.2258
90,86,85.2258
91,86.1176,85.2903
92,86.3529,85.3226
93,86.3529,85.3548
94,86.2353,85.2903
95,86.2353,85.3548
96,86.2353,85.4194
97,86.3529,85.3871
98,86.3529,85.4194
99,86.3529,85.4194
100,86.3529,85.4516
101,86.3529,85.4839
102,86.3529,85.5806
103,86.3529,85.7419
104,86.3529,85.871
105,86.3529,85.9032
106,86.4706,86
107,86.4706,85.9677
108,86.5882,86.0645
109,86.4706,86.129
110,86.4706,86.0968
111,86.4706,86.1613
112,86.4706,86.1935
113,86.4706,86.1935
114,86.4706,86.2258
115,86.4706,86.2581
116,86.4706,86.3226
117,86.4706,86.3226
118,86.5882,86.3871
119,86.4706,86.3871
120,86.5882,86.4516
121,86.5882,86.4839
122,86.5882,86.5161
123,86.7059,86.5161
124,86.8235,86.4839
125,86.8235,86.5161
126,86.9412,86.5161
127,86.9412,86.5484
128,86.9412,86.5806
129,86.9412,86.5484
130,86.9412,86.5484
131,87.1765,86.5806
132,87.1765,86.6129
133,87.2941,86.5484
134,87.4118,86.5484
135,87.4118,86.6452
136,87.4118,86.6452
137,87.5294,86.7419
138,87.5294,86.7742
139,87.5294,86.8387
140,87.6471,86.8387
141,87.6471,86.8065
142,87.6471,86.8065
143,87.7647,86.8387
144,87.7647,86.7742
145,87.7647,86.8065
146,87.7647,86.8387
147,87.7647,86.9355
148,87.7647,86.9677
149,87.8824,86.9355
150,88,87
151,88,87.0968
152,88,87.0968
153,87.8824,87.129
154,87.8824,87.1935
155,87.8824,87.1613
156,87.8824,87.129
157,88,87.1613
158,88.1176,87.1613
159,88.2353,87.1613
160,88.2353,87.1935
161,88.2353,87.2581
162,88.2353,87.2903
163,88.3529,87.3226
164,88.4706,87.3871
165,88.4706,87.4194
166,88.4706,87.3871
167,88.4706,87.4194
168,88.4706,87.4839
169,88.4706,87.5161
170,88.4706,87.5806
171,88.4706,87.6452
172,88.4706,87.6129
173,88.4706,87.5806
174,88.4706,87.6452
175,88.4706,87.6452
176,88.4706,87.7097
177,88.3529,87.7097
178,88.3529,87.7097
179,88.2353,87.6774
180,88.2353,87.7097
181,88.2353,87.7742
182,88.2353,87.7742
183,88.2353,87.8065
184,88.3529,87.8065
185,88.4706,87.7742
186,88.4706,87.8387
187,88.4706,87.8387
188,88.4706,87.8387
189,88.5882,87.8065
190,88.5882,87.8065
191,88.5882,87.7742
192,88.7059,87.7742
193,88.7059,87.8065
194,88.7059,87.8387
195,88.7059,87.871
196,88.7059,87.9032
197,88.7059,87.9355
198,88.7059,88
199,88.7059,88
200,88.7059,88
201,88.7059,88
202,88.7059,88.0323
203,88.7059,88.0323
204,88.7059,88.0323
205,88.7059,88.0323
206,88.7059,88.0323
207,88.7059,88.0645
208,88.7059,88.0645
209,88.7059,88.0645
210,88.7059,88.129
211,88.7059,88.0968
212,88.7059,88.0968
213,88.8235,88.129
214,88.8235,88.1613
215,88.8235,88.1613
216,88.8235,88.1935
217,88.8235,88.2258
218,88.9412,88.2581
219,88.9412,88.2903
220,89.0588,88.2903
221,88.9412,88.3226
222,88.9412,88.3226
223,88.9412,88.3226
224,88.9412,88.3226
225,89.0588,88.3548
226,89.0588,88.3871
227,89.0588,88.3871
228,89.0588,88.3871
229,89.1765,88.4194
230,89.1765,88.4516
231,89.1765,88.4516
232,89.1765,88.5161
233,89.1765,88.5161
234,89.1765,88.5161
235,89.1765,88.5161
236,89.1765,88.4516
237,89.1765,88.5161
238,89.1765,88.5484
239,89.1765,88.5806
240,89.1765,88.5806
241,89.1765,88.6129
242,89.1765,88.6452
243,89.1765,88.6774
244,89.1765,88.7097
245,89.1765,88.7097
246,89.1765,88.7097
247,89.1765,88.7097
248,89.1765,88.7097
249,89.2941,88.7419
250,89.2941,88.7419
251,89.2941,88.7419
252,89.2941,88.7742
253,89.2941,88.7742
254,89.2941,88.7742
255,89.2941,88.7742
256,89.2941,88.8065
257,89.2941,88.8065
258,89.2941,88.8065
259,89.2941,88.871
260,89.2941,88.871
261,89.2941,88.871
262,89.2941,88.9032
263,89.2941,88.9355
264,89.2941,88.9677
265,89.2941,89.0323
266,89.2941,89.0323
267,89.2941,89
268,89.2941,89.0323
269,89.2941,89.0323
270,89.2941,89.0323
271,89.2941,89.0645
272,89.1765,89.0645
273,89.1765,89.0645
274,89.1765,89.0645
275,89.1765,89.0645
276,89.1765,89.0645
277,89.1765,89.0645
278,89.1765,89.0645
279,89.0588,89.0645
280,89.0588,89.0645
281,89.0588,89.0323
282,89.0588,89.0323
283,89.0588,89.0645
284,89.1765,89.0645
285,89.1765,89.0645
286,89.1765,89.0645
287,89.1765,89.0645
288,89.1765,89.0645
289,89.1765,89.0645
290,89.1765,89.0645
291,89.2941,89.0645
292,89.2941,89.0645
293,89.2941,89.0645
294,89.2941,89.0323
295,89.2941,89.0323
296,89.2941,89.0645
297,89.2941,89.0645
298,89.2941,89.0645
299,89.2941,89.0645
300,89.2941,89.0645
301,89.2941,89.0645
302,89.2941,89.0645
303,89.2941,89.0645
304,89.2941,89.0645
305,89.2941,89.0645
306,89.4118,89.0645
307,89.4118,89.0645
308,89.4118,89.0968
309,89.4118,89.0968
310,89.4118,89.0968
311,89.4118,89.0968
312,89.5294,89.0968
313,89.5294,89.0968
314,89.5294,89.0968
315,89.5294,89.129
316,89.5294,89.129
317,89.5294,89.129
318,89.5294,89.1613
319,89.5294,89.1935
320,89.5294,89.1935
321,89.5294,89.2258
322,89.5294,89.2258
323,89.5294,89.2258
324,89.5294,89.2258
325,89.5294,89.2258
326,89.4118,89.2258
327,89.4118,89.2258
328,89.4118,89.2258
329,89.4118,89.2581
330,89.4118,89.2581
331,89.4118,89.2581
332,89.4118,89.2581
333,89.4118,89.2903
334,89.4118,89.3226
335,89.4118,89.3226
336,89.4118,89.3226
337,89.4118,89.3226
338,89.4118,89.3548
339,89.5294,89.3548
340,89.5294,89.3548
341,89.5294,89.3548
342,89.5294,89.3871
343,89.5294,89.3871
344,89.5294,89.3871
345,89.5294,89.3871
346,89.5294,89.4194
347,89.5294,89.4194
348,89.5294,89.4194
349,89.5294,89.4194
350,89.5294,89.4194
351,89.5294,89.4194
352,89.5294,89.4194
353,89.5294,89.4516
354,89.5294,89.4516
355,89.5294,89.4516
356,89.5294,89.4516
357,89.5294,89.4516
358,89.5294,89.4516
359,89.5294,89.4516
360,89.5294,89.4516
361,89.5294,89.4516
362,89.5294,89.4516
363,89.5294,89.4516
364,89.5294,89.4516
365,89.5294,89.4516
366,89.5294,89.4516
367,89.5294,89.4516
368,89.5294,89.4839
369,89.5294,89.4839
370,89.5294,89.4839
371,89.5294,89.4839
372,89.5294,89.4839
373,89.5294,89.4839
374,89.5294,89.4839
375,89.5294,89.4839
376,89.5294,89.4839
377,89.5294,89.5161
378,89.5294,89.5161
379,89.5294,89.5161
380,89.5294,89.5484
381,89.5294,89.5484
382,89.5294,89.5484
383,89.5294,89.5484
384,89.5294,89.5161
385,89.5294,89.5161
386,89.5294,89.5161
387,89.5294,89.5161
388,89.5294,89.5161
389,89.5294,89.5161
390,89.5294,89.5161
391,89.5294,89.5161
392,89.5294,89.5161
393,89.5294,89.5161
394,89.5294,89.5484
395,89.5294,89.5806
396,89.5294,89.5806
397,89.5294,89.5806
398,89.5294,89.5806
399,89.5294,89.5806
400,89.5294,89.5806
401,89.5294,89.5806
402,89.5294,89.6129
403,89.5294,89.6129
404,89.5294,89.6129
405,89.5294,89.6129
406,89.5294,89.6129
407,89.5294,89.6129
408,89.5294,89.6129
409,89.5294,89.6129
410,89.5294,89.6129
411,89.5294,89.6129
412,89.5294,89.6129
413,89.5294,89.6129
414,89.5294,89.6452
415,89.5294,89.6774
416,89.5294,89.6774
417,89.5294,89.6774
418,89.5294,89.6774
419,89.5294,89.6774
420,89.5294,89.6774
421,89.5294,89.6774
422,89.5294,89.6774
423,89.5294,89.6774
424,89.5294,89.7097
425,89.5294,89.7097
426,89.5294,89.7097
427,89.5294,89.7097
428,89.5294,89.7097
429,89.5294,89.7097
430,89.5294,89.7097
431,89.5294,89.7097
432,89.5294,89.7097
433,89.7647,89.7097
434,89.7647,89.7097
435,89.7647,89.7097
436,89.7647,89.7097
437,89.7647,89.7097
438,89.7647,89.7097
439,89.7647,89.7097
440,89.7647,89.7097
441,89.7647,89.7097
442,89.7647,89.7097
443,89.7647,89.7097
444,89.7647,89.7097
445,89.7647,89.7097
446,89.7647,89.7097
447,89.7647,89.7097
448,89.7647,89.7097
449,89.7647,89.7097
450,89.7647,89.7097
451,89.7647,89.7097
452,89.7647,89.7097
453,89.7647,89.7097
454,89.6471,89.7097
455,89.6471,89.7419
456,89.6471,89.7419
457,89.6471,89.7419
458,89.6471,89.7097
459,89.7647,89.7097
460,89.7647,89.7097
461,89.7647,89.7419
462,89.7647,89.7742
463,89.7647,89.7742
464,89.7647,89.7742
465,89.7647,89.7742
466,89.7647,89.7742
467,89.7647,89.7742
468,89.7647,89.7742
469,89.7647,89.7742
470,89.7647,89.7742
471,89.7647,89.7742
472,89.7647,89.7742
473,89.7647,89.7742
474,89.7647,89.7742
475,89.7647,89.7742
476,89.7647,89.7742
477,89.7647,89.8065
478,89.7647,89.8387
479,89.7647,89.8387
480,89.7647,89.8387
481,89.7647,89.8387
482,89.7647,89.8387
483,89.7647,89.8387
484,89.7647,89.8387
485,89.7647,89.8387
486,89.7647,89.8387
487,89.7647,89.8387
488,89.7647,89.8065
489,89.7647,89.8065
490,89.7647,89.8065
491,89.7647,89.8065
492,89.7647,89.8065
493,89.7647,89.8065
494,89.7647,89.8065
495,89.7647,89.8065
496,89.7647,89.8065
497,89.7647,89.8065
498,89.7647,89.8065
499,89.7647,89.8065
500,89.7647,89.8065
501,89.7647,89.8065
502,89.7647,89.8065
503,89.7647,89.8065
504,89.7647,89.8065
505,89.7647,89.8065
506,89.7647,89.8065
507,89.7647,89.8065
508,89.7647,89.8065
509,89.7647,89.7742
510,89.7647,89.7742
511,89.7647,89.7742
512,89.7647,89.7742
513,89.7647,89.7742
514,89.7647,89.7742
515,89.7647,89.7742
516,89.7647,89.7742
517,89.7647,89.7742
518,89.7647,89.7742
519,89.7647,89.7742
520,89.7647,89.7742
521,89.7647,89.7742
522,89.7647,89.7742
523,89.7647,89.7742
524,89.7647,89.7742
525,89.7647,89.7742
526,89.7647,89.7742
527,89.7647,89.7742
528,89.7647,89.7742
529,89.7647,89.7742
530,89.7647,89.7742
531,89.7647,89.7742
532,89.7647,89.7742
533,89.7647,89.7742
534,89.7647,89.7742
535,89.7647,89.7742
536,89.7647,89.7742
537,89.7647,89.7742
538,89.7647,89.7742
539,89.8824,89.8065
540,89.8824,89.8065
541,89.8824,89.8065
542,89.8824,89.8065
543,89.8824,89.7742
544,89.8824,89.7742
545,89.8824,89.8065
546,89.8824,89.8065
547,89.8824,89.8065
548,89.8824,89.8065
549,89.8824,89.8065
550,89.8824,89.8065
551,89.8824,89.8387
552,89.8824,89.8387
553,89.8824,89.8387
554,89.8824,89.8387
555,89.8824,89.8387
556,89.8824,89.8387
557,89.8824,89.8387
558,89.8824,89.8387
559,89.8824,89.8387
560,89.8824,89.871
561,89.8824,89.9032
562,89.8824,89.9032
563,89.8824,89.9032
564,89.8824,89.9355
565,89.8824,89.9355
566,89.8824,89.9355
567,89.8824,89.9355
568,89.8824,89.9355
569,89.8824,89.9355
570,89.8824,89.9355
571,89.8824,89.9355
572,89.8824,89.9355
573,89.8824,89.9355
574,89.8824,89.9355
575,89.8824,89.9677
576,89.8824,89.9677
577,89.8824,89.9677
578,89.8824,90
579,89.8824,90
580,89.8824,90
581,89.8824,90
582,89.8824,90
583,89.8824,90
584,89.8824,90
585,89.8824,90.0323
586,89.8824,90.0323
587,89.8824,90.0323
588,89.8824,90.0323
589,89.8824,90.0323
590,89.8824,90.0323
591,89.8824,90.0645
592,89.8824,90.0645
593,89.8824,90.0645
594,89.8824,90.0645
595,89.8824,90.0645
596,89.8824,90.0645
597,89.8824,90.0645
598,89.8824,90.0645
599,89.8824,90.0645
600,89.8824,90.0645
601,89.8824,90.0968
602,89.8824,90.0968
603,89.8824,90.0968
604,89.8824,90.0968
605,89.8824,90.0968
606,89.8824,90.0968
607,89.8824,90.0968
608,89.8824,90.0968
609,89.8824,90.0968
610,89.8824,90.0968
611,89.8824,90.0968
612,89.8824,90.0968
613,89.8824,90.0968
614,89.8824,90.0968
615,89.8824,90.0968
616,89.8824,90.0968
617,89.8824,90.0968
618,89.8824,90.0968
619,89.8824,90.0968
620,89.8824,90.0968
621,89.8824,90.0968
622,89.8824,90.0968
623,89.8824,90.0968
624,89.8824,90.129
625,89.8824,90.0968
626,89.8824,90.0968
627,89.8824,90.129
628,89.8824,90.129
629,89.8824,90.129
630,89.8824,90.129
631,89.8824,90.129
632,89.8824,90.129
633,89.8824,90.129
634,89.8824,90.129
635,89.8824,90.129
636,89.8824,90.129
637,89.8824,90.1613
638,89.8824,90.1613
639,89.8824,90.1613
640,89.8824,90.1613
641,89.8824,90.1613
642,89.8824,90.129
643,89.8824,90.129
644,89.8824,90.129
645,89.8824,90.129
646,89.8824,90.129
647,89.8824,90.129
648,89.8824,90.129
649,89.8824,90.129
650,89.8824,90.1613
651,89.8824,90.1613
652,89.8824,90.1613
653,89.8824,90.1613
654,89.8824,90.129
655,89.8824,90.129
656,89.8824,90.129
657,89.8824,90.129
658,89.8824,90.129
659,89.8824,90.129
660,89.8824,90.129
661,89.8824,90.129
662,89.8824,90.129
663,89.8824,90.129
664,89.8824,90.129
665,89.8824,90.129
666,89.8824,90.0968
667,89.8824,90.0968
668,89.8824,90.0968
669,89.8824,90.0968
670,89.8824,90.0968
671,89.8824,90.0968
672,89.8824,90.0968
673,89.8824,90.0968
674,89.8824,90.0968
675,89.8824,90.0968
676,89.8824,90.0968
677,89.8824,90.0968
678,89.8824,90.129
679,89.7647,90.1613
680,89.7647,90.1613
681,89.7647,90.1613
682,89.7647,90.1613
683,89.7647,90.1613
684,89.7647,90.1613
685,89.7647,90.1613
686,89.7647,90.1613
687,89.7647,90.1613
688,89.7647,90.1613
689,89.7647,90.1613
690,89.7647,90.1613
691,89.7647,90.1613
692,89.8824,90.1613
693,89.8824,90.1613
694,89.8824,90.1613
695,89.8824,90.1613
696,89.8824,90.1613
697,89.8824,90.1613
698,89.8824,90.1613
699,89.7647,90.1613
700,89.7647,90.1613
701,89.7647,90.1613
702,89.7647,90.1613
703,89.7647,90.1613
704,89.7647,90.1613
705,89.7647,90.1613
706,89.7647,90.1613
707,89.7647,90.1935
708,89.7647,90.1935
709,89.7647,90.1935
710,89.7647,90.1935
711,89.7647,90.1935
712,89.7647,90.1935
713,89.7647,90.1935
714,89.7647,90.1935
715,89.7647,90.1935
716,89.7647,90.1935
717,89.7647,90.1613
718,89.7647,90.1935
719,89.7647,90.1935
720,89.7647,90.129
721,89.8824,90.129
722,89.8824,90.0968
723,89.8824,90.0968
724,89.8824,90.129
725,89.8824,90.129
726,89.8824,90.129
727,89.8824,90.1613
728,89.8824,90.1613
729,89.8824,90.1935
730,89.8824,90.1935
731,89.8824,90.1935
732,89.8824,90.1935
733,89.8824,90.1935
734,89.8824,90.1935
735,89.8824,90.2258
736,89.8824,90.2258
737,89.8824,90.2258
738,89.8824,90.2258
739,89.8824,90.2258
740,89.8824,90.2258
741,89.8824,90.2258
742,89.8824,90.2258
743,89.8824,90.2258
744,89.8824,90.2258
745,89.8824,90.2258
746,89.8824,90.2258
747,89.8824,90.2581
748,89.8824,90.2581
749,89.8824,90.2581
750,89.8824,90.2581
751,89.8824,90.2581
752,89.8824,90.2581
753,89.8824,90.2581
754,89.8824,90.2581
755,89.8824,90.2581
756,89.8824,90.2581
757,89.8824,90.2581
758,89.8824,90.2581
759,90,90.2581
760,90,90.2581
761,90,90.2581
762,90,90.2581
763,90,90.2581
764,90,90.2581
765,90,90.2581
766,90,90.2581
767,90,90.2581
768,90,90.2581
769,90,90.2581
770,90,90.2581
771,90,90.3548
772,90,90.3548
773,90,90.3548
774,90,90.3548
775,90,90.3548
776,90,90.3548
777,90,90.4194
778,90,90.4194
779,90,90.4194
780,90,90.4194
781,90,90.4194
782,90,90.4194
783,90,90.4194
784,90.1176,90.4194
785,90.1176,90.4194
786,90.1176,90.4194
787,90.1176,90.4194
788,90.1176,90.4194
789,90.1176,90.4194
790,90.1176,90.4194
791,90.1176,90.4194
792,90.1176,90.4194
793,90.1176,90.4194
794,90.1176,90.4516
795,90.1176,90.4516
796,90.1176,90.4516
797,90.1176,90.4194
798,90.1176,90.4516
799,90.1176,90.4516
800,90.1176,90.4839
801,90.1176,90.5161
802,90.1176,90.5161
803,90.1176,90.5161
804,90.1176,90.5161
805,90.1176,90.5161
806,90.1176,90.5161
807,90.1176,90.5161
808,90.1176,90.5484
809,90.1176,90.5806
810,90.1176,90.5806
811,90.1176,90.5806
812,90.1176,90.5806
813,90.1176,90.5806
814,90.1176,90.5806
815,90.1176,90.5806
816,90.1176,90.5806
817,90.1176,90.5806
818,90.1176,90.5806
819,90.1176,90.5806
820,90.1176,90.5806
821,90.1176,90.5806
822,90.1176,90.5806
823,90.1176,90.5806
824,90.1176,90.5806
825,90.1176,90.5806
826,90.1176,90.5484
827,90.1176,90.5484
828,90.1176,90.5161
829,90.1176,90.5484
830,90.1176,90.5484
831,90.1176,90.5484
832,90.1176,90.5484
833,90.1176,90.5484
834,90.1176,90.5484
835,90.1176,90.5484
836,90.1176,90.5484
837,90.1176,90.5484
838,90.1176,90.5484
839,90.1176,90.5484
840,90.1176,90.5484
841,90.1176,90.5484
842,90.1176,90.5484
843,90.1176,90.5484
844,90.1176,90.5484
845,90.1176,90.5484
846,90.1176,90.5484
847,90.1176,90.5484
848,90.1176,90.5484
849,90.1176,90.5484
850,90.1176,90.5484
851,90.1176,90.5484
852,90.1176,90.5484
853,90.1176,90.5161
854,90.1176,90.5161
855,90.1176,90.5484
856,90.1176,90.5484
857,90.1176,90.5484
858,90.1176,90.5806
859,90.1176,90.5806
860,90.1176,90.5806
861,90.1176,90.5806
862,90.1176,90.5806
863,90.1176,90.5806
864,90.1176,90.5806
865,90.1176,90.5806
866,90.1176,90.5806
867,90.1176,90.5806
868,90,90.5806
869,90,90.6129
870,90,90.6129
871,90,90.6129
872,90,90.6129
873,90,90.6129
874,90,90.6129
875,90,90.6129
876,90,90.6129
877,90,90.6129
878,90,90.6129
879,90,90.6129
880,90,90.6129
881,90,90.6129
882,90,90.6129
883,90,90.6129
884,90,90.6452
885,90,90.6452
886,90,90.6452
887,90,90.6129
888,90.1176,90.6129
889,90.1176,90.6129
890,90.1176,90.6452
891,90.1176,90.6774
892,90.1176,90.6774
893,90.1176,90.6774
894,90.1176,90.6774
895,90.1176,90.6774
896,90.1176,90.6774
897,90.1176,90.6774
898,90.1176,90.6774
899,90.1176,90.6774
900,90.1176,90.6774
901,90.1176,90.6774
902,90.1176,90.6774
903,90.1176,90.6774
904,90,90.7097
905,90,90.7097
906,90,90.7097
907,90,90.7097
908,90.1176,90.7419
909,90.1176,90.7097
910,90.1176,90.7097
911,90.1176,90.7097
912,90.1176,90.7097
913,90.1176,90.7097
914,90.1176,90.7097
915,90.1176,90.7097
916,90.1176,90.7097
917,90.1176,90.7097
918,90.1176,90.7097
919,90.1176,90.7097
920,90.1176,90.7097
921,90.1176,90.7097
922,90.1176,90.7097
923,90.1176,90.7097
924,90.1176,90.7097
925,90.1176,90.7097
926,90.1176,90.7097
927,90.1176,90.7097
928,90.1176,90.7419
929,90.1176,90.7742
930,90.1176,90.8065
931,90.1176,90.8065
932,90.1176,90.8065
933,90.1176,90.8387
934,90.1176,90.8387
935,90.1176,90.8387
936,90.1176,90.8387
937,90.1176,90.8387
938,90.1176,90.8387
939,90.1176,90.8387
940,90.1176,90.8387
941,90.1176,90.8387
942,90.1176,90.8387
943,90.1176,90.8387
944,90.1176,90.8387
945,90.1176,90.8387
946,90.1176,90.871
947,90.1176,90.871
948,90.1176,90.9032
949,90.1176,90.9032
950,90.1176,90.9032
951,90.1176,90.9355
952,90.1176,90.9355
953,90.1176,90.9355
954,90.1176,90.9355
955,90.1176,90.9355
956,90.1176,90.9355
957,90.1176,90.9355
958,90.1176,90.9355
959,90.1176,90.9355
960,90.1176,90.9355
961,90.1176,90.9355
962,90.1176,90.9355
963,90.1176,90.9355
964,90.1176,90.9355
965,90.1176,90.9355
966,90.1176,90.9355
967,90.1176,90.9355
968,90.1176,90.9355
969,90.1176,90.9355
970,90.1176,90.9355
971,90.1176,90.9355
972,90.1176,90.9355
973,90.1176,90.9355
974,90.1176,90.9355
975,90.1176,90.9355
976,90.1176,90.9355
977,90.1176,90.9355
978,90.1176,90.9355
979,90.1176,90.9355
980,90.1176,90.9355
981,90.1176,90.9355
982,90.1176,90.9677
983,90.1176,91
984,90.1176,91
985,90.1176,91
986,90.1176,90.9677
987,90.1176,90.9677
988,90.1176,90.9677
989,90.1176,91
990,90.1176,91
991,90.1176,91
992,90.1176,91
993,90.1176,91
994,90.1176,91.0323
995,90.1176,91.0323
996,90.1176,91.0323
997,90.1176,91.0323
998,90.1176,91.0323
999,90.1176,91.0323
1000,90.1176,91.0323
1001,90.1176,91.0323
1002,90.1176,91.0323
1003,90.1176,91.0645
1004,90.1176,91.0645
1005,90.1176,91.0645
1006,90.1176,91.0645
1007,90.1176,91.0645
1008,90.1176,91.0645
1009,90.1176,91.0645
1010,90.1176,91.0323
1011,90.1176,91.0323
1012,90.1176,91.0323
1013,90.1176,91.0323
1014,90,91.0323
1015,90,91.0323
1016,90,91.0323
1017,90,91.0323
1018,90,91.0323
1019,90,91.0323
1020,90,91.0323
1021,90,91.0323
1022,90,91.0323
1023,90,91.0323
1024,90,91.0323
1025,90,91.0645
1026,90,91.0645
1027,90,91.0645
1028,90,91.0645
1029,90,91.0645
1030,90,91.0645
1031,90,91.129
1032,90,91.129
1033,90,91.129
1034,90,91.129
1035,90,91.1935
1036,90,91.1935
1037,90,91.1935
1038,89.8824,91.1935
1039,89.8824,91.1935
1040,89.8824,91.1935
1041,89.8824,91.1935
1042,89.8824,91.1935
1043,89.8824,91.2258
1044,89.8824,91.2581
1045,89.8824,91.2903
1046,89.8824,91.2903
1047,89.8824,91.2903
1048,89.8824,91.2903
1049,89.8824,91.3226
1050,89.8824,91.2903
1051,89.8824,91.2903
1052,89.8824,91.2903
1053,89.8824,91.2903
1054,89.8824,91.2903
1055,89.8824,91.3226
1056,89.8824,91.3226
1057,89.8824,91.3226
1058,89.8824,91.3226
1059,89.8824,91.3226
1060,89.8824,91.3226
1061,89.8824,91.3226
1062,89.8824,91.3226
1063,89.8824,91.3226
1064,89.8824,91.3226
1065,89.8824,91.3226
1066,90,91.3226
1067,90,91.3226
1068,90,91.3548
1069,90,91.3548
1070,90,91.3548
1071,90,91.3548
1072,90,91.3548
1073,90,91.3548
1074,90,91.3548
1075,90,91.3548
1076,90,91.3548
1077,90,91.3871
1078,90,91.3871
1079,90,91.3871
1080,90,91.3871
1081,90,91.3871
1082,90,91.3871
1083,90,91.3871
1084,90,91.3871
1085,90,91.3871
1086,90,91.3871
1087,90,91.3871
1088,90.1176,91.3871
1089,90.1176,91.3871
1090,90.1176,91.3871
1091,90.1176,91.3871
1092,90.1176,91.3871
1093,90.1176,91.3871
1094,90.1176,91.3871
1095,90.1176,91.3871
1096,90.1176,91.3871
1097,90.1176,91.4194
1098,90.1176,91.4516
1099,90.1176,91.4516
1100,90.1176,91.4194
1101,90.2353,91.4194
1102,90.2353,91.4194
1103,90.2353,91.4194
1104,90.2353,91.4194
1105,90.2353,91.3871
1106,90.2353,91.3871
1107,90.2353,91.3871
1108,90.3529,91.3871
1109,90.3529,91.3871
1110,90.3529,91.3871
1111,90.3529,91.3871
1112,90.3529,91.3871
1113,90.3529,91.4194
1114,90.3529,91.4194
1115,90.3529,91.4194
1116,90.3529,91.4194
1117,90.3529,91.4194
1118,90.3529,91.4194
1119,90.3529,91.4194
1120,90.3529,91.4194
1121,90.3529,91.4516
1122,90.3529,91.4516
1123,90.3529,91.4516
1124,90.3529,91.4516
1125,90.3529,91.4516
1126,90.3529,91.4839
1127,90.3529,91.4839
1128,90.3529,91.4839
1129,90.3529,91.4839
1130,90.3529,91.4839
1131,90.3529,91.4839
1132,90.3529,91.4839
1133,90.4706,91.4839
1134,90.4706,91.4839
1135,90.4706,91.4516
1136,90.3529,91.4516
1137,90.3529,91.4516
1138,90.3529,91.4516
1139,90.3529,91.4516
1140,90.3529,91.4516
1141,90.3529,91.4516
1142,90.3529,91.4839
1143,90.3529,91.4839
1144,90.3529,91.4839
1145,90.3529,91.5161
1146,90.3529,91.5161
1147,90.3529,91.5161
1148,90.3529,91.5161
1149,90.3529,91.5161
1150,90.3529,91.5161
1151,90.3529,91.5484
1152,90.3529,91.5484
1153,90.4706,91.5484
1154,90.4706,91.5484
1155,90.4706,91.5484
1156,90.4706,91.5484
1157,90.4706,91.5484
1158,90.4706,91.5484
1159,90.4706,91.5484
1160,90.4706,91.5484
1161,90.4706,91.5484
1162,90.4706,91.5806
1163,90.4706,91.5806
1164,90.4706,91.5806
1165,90.4706,91.6129
1166,90.4706,91.6129
1167,90.4706,91.6129
1168,90.4706,91.6129
1169,90.4706,91.6129
1170,90.4706,91.6129
1171,90.4706,91.6129
1172,90.4706,91.6452
1173,90.4706,91.6774
1174,90.4706,91.7097
1175,90.4706,91.7419
1176,90.4706,91.7419
1177,90.4706,91.7419
1178,90.4706,91.7419
1179,90.4706,91.7419
1180,90.4706,91.7419
1181,90.3529,91.7419
1182,90.3529,91.7419
1183,90.3529,91.7419
1184,90.3529,91.7742
1185,90.4706,91.7742
1186,90.4706,91.8065
1187,90.4706,91.8065
1188,90.4706,91.8065
1189,90.4706,91.8065
1190,90.4706,91.8065
1191,90.4706,91.8065
1192,90.4706,91.8065
1193,90.4706,91.8065
1194,90.4706,91.8065
1195,90.4706,91.8065
1196,90.4706,91.8065
1197,90.4706,91.8065
1198,90.4706,91.8065
1199,90.4706,91.8065
1200,90.4706,91.8065
1201,90.4706,91.8065
1202,90.4706,91.8065
1203,90.4706,91.8387
1204,90.4706,91.8387
1205,90.4706,91.8387
1206,90.4706,91.8387
1207,90.4706,91.8387
1208,90.4706,91.8387
1209,90.4706,91.8387
1210,90.4706,91.8387
1211,90.4706,91.871
1212,90.4706,91.871
1213,90.4706,91.871
1214,90.4706,91.871
1215,90.4706,91.871
1216,90.4706,91.871
1217,90.4706,91.871
1218,90.4706,91.871
1219,90.4706,91.871
1220,90.4706,91.871
1221,90.4706,91.871
1222,90.4706,91.871
1223,90.4706,91.871
1224,90.4706,91.9032
1225,90.4706,91.9032
1226,90.4706,91.9032
1227,90.4706,91.9032
1228,90.4706,91.9032
1229,90.4706,91.871
1230,90.4706,91.871
1231,90.4706,91.871
1232,90.4706,91.871
1233,90.4706,91.871
1234,90.4706,91.871
1235,90.4706,91.871
1236,90.5882,91.871
1237,90.5882,91.871
1238,90.5882,91.9032
1239,90.5882,91.9355
1240,90.5882,91.9355
1241,90.5882,91.9677
1242,90.5882,91.9677
1243,90.5882,91.9677
1244,90.5882,91.9677
1245,90.5882,91.9677
1246,90.5882,91.9677
1247,90.5882,91.9677
1248,90.5882,91.9677
1249,90.5882,92
1250,90.7059,92.0323
1251,90.7059,92.0323
1252,90.7059,92.0323
1253,90.7059,92.0323
1254,90.7059,92.0323
1255,90.7059,92.0323
1256,90.7059,92.0323
1257,90.7059,92.0323
1258,90.7059,92.0323
1259,90.7059,92.0323
1260,90.7059,92.0323
1261,90.7059,92.0323
1262,90.7059,92.0323
1263,90.7059,92.0323
1264,90.7059,92.0323
1265,90.7059,92.0323
1266,90.7059,92.0323
1267,90.7059,92.0323
1268,90.7059,92.0323
1269,90.7059,92.0323
1270,90.7059,92.0323
1271,90.7059,92.0323
1272,90.7059,92.0968
1273,90.7059,92.129
1274,90.7059,92.129
1275,90.7059,92.129
1276,90.7059,92.129
1277,90.7059,92.129
1278,90.7059,92.129
1279,90.7059,92.129
1280,90.7059,92.129
1281,90.7059,92.129
1282,90.7059,92.129
1283,90.7059,92.129
1284,90.7059,92.129
1285,90.7059,92.129
1286,90.7059,92.1613
1287,90.8235,92.1613
1288,90.9412,92.1613
1289,90.9412,92.1935
1290,90.9412,92.1935
1291,90.9412,92.1935
1292,90.9412,92.1935
1293,90.9412,92.1935
1294,90.9412,92.1935
1295,90.9412,92.1935
1296,90.9412,92.1935
1297,90.9412,92.1935
1298,90.9412,92.2258
1299,90.9412,92.2258
1300,90.9412,92.2258
1301,90.9412,92.2258
1302,90.9412,92.2258
1303,90.9412,92.2258
1304,90.9412,92.2258
1305,90.9412,92.2258
1306,90.9412,92.2258
1307,90.9412,92.2258
1308,90.9412,92.2258
1309,90.9412,92.2258
1310,90.9412,92.2581
1311,90.9412,92.2581
1312,90.9412,92.2581
1313,90.9412,92.2581
1314,90.9412,92.2581
1315,90.9412,92.2581
1316,90.9412,92.2581
1317,90.9412,92.2581
1318,90.9412,92.2258
1319,90.9412,92.2258
1320,91.0588,92.2258
1321,91.0588,92.2581
1322,91.0588,92.2581
1323,91.0588,92.2581
1324,91.0588,92.2581
1325,91.0588,92.2581
1326,91.0588,92.2903
1327,90.9412,92.2903
1328,90.9412,92.2903
1329,90.9412,92.2903
1330,90.9412,92.2903
1331,90.9412,92.2903
1332,90.9412,92.2903
1333,90.9412,92.2903
1334,90.9412,92.2903
1335,90.9412,92.2903
1336,90.9412,92.2903
1337,90.9412,92.2903
1338,90.9412,92.2903
1339,90.9412,92.2903
1340,91.0588,92.3226
1341,91.1765,92.3548
1342,91.1765,92.3548
1343,91.1765,92.3548
1344,91.1765,92.3548
1345,91.1765,92.3548
1346,91.1765,92.3548
1347,91.1765,92.3548
1348,91.1765,92.3548
1349,91.1765,92.3548
1350,91.1765,92.3548
1351,91.1765,92.3548
1352,91.1765,92.3226
1353,91.1765,92.3226
1354,91.1765,92.3226
1355,91.1765,92.3226
1356,91.1765,92.3226
1357,91.1765,92.3226
1358,91.1765,92.3548
1359,91.1765,92.3548
1360,91.1765,92.3548
1361,91.1765,92.3548
1362,91.1765,92.3548
1363,91.2941,92.3548
1364,91.2941,92.3548
1365,91.2941,92.3548
1366,91.2941,92.3548
1367,91.2941,92.3548
1368,91.2941,92.3871
1369,91.2941,92.3871
1370,91.2941,92.3871
1371,91.2941,92.3871
1372,91.2941,92.3871
1373,91.2941,92.3871
1374,91.2941,92.3871
1375,91.2941,92.3871
1376,91.2941,92.4194
1377,91.2941,92.4194
1378,91.2941,92.4194
1379,91.2941,92.4194
1380,91.2941,92.4194
1381,91.2941,92.4194
1382,91.2941,92.4194
1383,91.2941,92.4194
1384,91.2941,92.4516
1385,91.2941,92.4516
1386,91.2941,92.4516
1387,91.2941,92.4516
1388,91.2941,92.4516
1389,91.2941,92.4516
1390,91.2941,92.4516
1391,91.2941,92.4516
1392,91.2941,92.4516
1393,91.2941,92.4516
1394,91.2941,92.4516
1395,91.2941,92.4516
1396,91.2941,92.4516
1397,91.4118,92.4516
1398,91.4118,92.4516
1399,91.4118,92.4839
1400,91.4118,92.4839
1401,91.4118,92.4839
1402,91.4118,92.4839
1403,91.4118,92.4516
1404,91.4118,92.4516
1405,91.4118,92.4516
1406,91.4118,92.4516
1407,91.4118,92.4516
1408,91.4118,92.4516
1409,91.4118,92.4516
1410,91.4118,92.4516
1411,91.4118,92.4516
1412,91.4118,92.4839
1413,91.4118,92.4839
1414,91.4118,92.4839
1415,91.4118,92.4839
1416,91.4118,92.4839
1417,91.4118,92.4839
1418,91.4118,92.4839
1419,91.4118,92.4839
1420,91.4118,92.4839
1421,91.4118,92.4839
1422,91.4118,92.5161
1423,91.4118,92.5161
1424,91.4118,92.5161
1425,91.4118,92.5161
1426,91.4118,92.5484
1427,91.4118,92.5484
1428,91.5294,92.5806
1429,91.5294,92.5806
1430,91.5294,92.5806
1431,91.5294,92.5806
1432,91.5294,92.5806
1433,91.5294,92.5806
1434,91.5294,92.5806
1435,91.5294,92.5806
1436,91.5294,92.6129
1437,91.5294,92.6129
1438,91.5294,92.6129
1439,91.5294,92.6129
1440,91.5294,92.6129
1441,91.5294,92.6129
1442,91.5294,92.5806
1443,91.5294,92.6129
1444,91.5294,92.6129
1445,91.5294,92.6129
1446,91.5294,92.6129
1447,91.5294,92.6129
1448,91.5294,92.6452
1449,91.5294,92.6452
1450,91.5294,92.6452
1451,91.6471,92.6452
1452,91.6471,92.6452
1453,91.6471,92.6452
1454,91.6471,92.6452
1455,91.6471,92.6452
1456,91.6471,92.6452
1457,91.6471,92.6452
1458,91.6471,92.6452
1459,91.7647,92.6452
1460,91.7647,92.6452
1461,91.7647,92.6452
1462,91.7647,92.6452
1463,91.7647,92.6452
1464,91.8824,92.6452
1465,91.8824,92.6452
1466,91.8824,92.6452
1467,91.8824,92.6452
1468,91.8824,92.6774
1469,91.8824,92.6774
1470,91.8824,92.6774
1471,92,92.6774
1472,92,92.6774
1473,92,92.6774
1474,92,92.6774
1475,92,92.7097
1476,92,92.7097
1477,92,92.7097
1478,92,92.7097
1479,92,92.7097
1480,92,92.7097
1481,92,92.7097
1482,92.1176,92.7097
1483,92.1176,92.7097
1484,92.1176,92.7419
1485,92.1176,92.7419
1486,92.1176,92.7419
1487,92.1176,92.7742
1488,92.1176,92.7742
1489,92.1176,92.7742
1490,92.1176,92.7742
1491,92.1176,92.7742
1492,92.1176,92.7742
1493,92.1176,92.7742
1494,92.1176,92.7742
1495,92.2353,92.7742
1496,92.2353,92.7742
1497,92.2353,92.7742
1498,92.2353,92.7742
1499,92.2353,92.7742
1500,92.2353,92.7742
1501,92.2353,92.8387
1502,92.2353,92.871
1503,92.2353,92.871
1504,92.2353,92.871
1505,92.2353,92.871
1506,92.2353,92.871
1507,92.2353,92.871
1508,92.2353,92.871
1509,92.2353,92.871
1510,92.2353,92.871
1511,92.2353,92.871
1512,92.2353,92.871
1513,92.2353,92.871
1514,92.2353,92.871
1515,92.2353,92.871
1516,92.2353,92.871
1517,92.2353,92.871
1518,92.2353,92.871
1519,92.2353,92.871
1520,92.2353,92.871
1521,92.3529,92.871
1522,92.3529,92.871
1523,92.3529,92.871
1524,92.3529,92.871
1525,92.3529,92.871
1526,92.3529,92.871
1527,92.3529,92.871
1528,92.3529,92.871
1529,92.3529,92.9032
1530,92.3529,92.9032
1531,92.3529,92.9355
1532,92.3529,92.9355
1533,92.3529,92.9355
1534,92.3529,92.9355
1535,92.3529,92.9355
1536,92.3529,92.9355
1537,92.3529,92.9355
1538,92.3529,92.9355
1539,92.3529,92.9355
1540,92.3529,92.9355
1541,92.3529,92.9355
1542,92.3529,92.9355
1543,92.3529,92.9355
1544,92.3529,92.9355
1545,92.3529,92.9355
1546,92.3529,92.9355
1547,92.3529,92.9355
1548,92.3529,92.9355
1549,92.3529,92.9355
1550,92.3529,92.9677
1551,92.3529,92.9677
1552,92.3529,92.9677
1553,92.3529,92.9677
1554,92.3529,92.9677
1555,92.3529,92.9677
1556,92.3529,92.9677
1557,92.3529,92.9677
1558,92.3529,92.9355
1559,92.3529,92.9355
1560,92.3529,92.9355
1561,92.3529,92.9355
1562,92.3529,92.9355
1563,92.3529,92.9355
1564,92.3529,92.9355
1565,92.3529,92.9677
1566,92.3529,92.9677
1567,92.2353,92.9677
1568,92.2353,92.9677
1569,92.2353,92.9677
1570,92.2353,93.0323
1571,92.2353,93.0323
1572,92.1176,93.0323
1573,92.1176,93.0323
1574,92.1176,93.0323
1575,92.1176,93
1576,92.1176,93.0645
1577,92.1176,93.0645
1578,92.1176,93.0645
1579,92.1176,93.0645
1580,92.1176,93.0645
1581,92.1176,93.0645
1582,92.1176,93.0645
1583,92.1176,93.0645
1584,92.1176,93.0645
1585,92.1176,93.0645
1586,92.1176,93.0645
1587,92.1176,93.0645
1588,92.1176,93.0645
1589,92.1176,93.0645
1590,92.1176,93.0645
1591,92.1176,93.0645
1592,92.1176,93.0645
1593,92.1176,93.0645
1594,92.1176,93.0645
1595,92.1176,93.0645
1596,92.1176,93.0968
1597,92.1176,93.0968
1598,92.1176,93.0645
1599,92.1176,93.0968
1600,92.1176,93.0968
1601,92.1176,93.0968
1602,92.1176,93.0968
1603,92.1176,93.129
1604,92.1176,93.129
1605,92.1176,93.1613
1606,92.1176,93.1613
1607,92.1176,93.1613
1608,92.1176,93.1613
1609,92.1176,93.1935
1610,92.1176,93.1935
1611,92.1176,93.1935
1612,92.1176,93.1935
1613,92.1176,93.1935
1614,92.1176,93.1935
1615,92.1176,93.1935
1616,92.1176,93.1935
1617,92.1176,93.1935
1618,92.1176,93.1935
1619,92.1176,93.1935
1620,92.1176,93.1935
1621,92.1176,93.1935
1622,92.1176,93.1935
1623,92.1176,93.1935
1624,92.1176,93.1935
1625,92.1176,93.2258
1626,92.1176,93.2258
1627,92.1176,93.2258
1628,92.1176,93.2258
1629,92.1176,93.2258
1630,92.1176,93.2258
1631,92.1176,93.2258
1632,92.1176,93.2258
1633,92.1176,93.2581
1634,92.1176,93.2581
1635,92.1176,93.2581
1636,92.1176,93.2581
1637,92.1176,93.2581
1638,92.1176,93.3226
1639,92.1176,93.3226
1640,92.1176,93.3226
1641,92.1176,93.3226
1642,92.1176,93.3226
1643,92.1176,93.3226
1644,92.1176,93.3226
1645,92.1176,93.3226
1646,92.1176,93.3548
1647,92.1176,93.3548
1648,92.1176,93.3548
1649,92.1176,93.3548
1650,92.1176,93.3548
1651,92.1176,93.3548
1652,92.1176,93.3548
1653,92.1176,93.3548
1654,92.1176,93.3548
1655,92.1176,93.3548
1656,92.1176,93.3548
1657,92.1176,93.3548
1658,92.1176,93.3548
1659,92.1176,93.3548
1660,92.1176,93.3548
1661,92.1176,93.3548
1662,92.1176,93.3548
1663,92.1176,93.3548
1664,92.2353,93.3548
1665,92.2353,93.3871
1666,92.2353,93.3871
1667,92.2353,93.3871
1668,92.2353,93.3871
1669,92.2353,93.3871
1670,92.2353,93.3871
1671,92.2353,93.3871
1672,92.2353,93.3871
1673,92.2353,93.3871
1674,92.1176,93.3871
1675,92.1176,93.3871
1676,92.1176,93.4194
1677,92.1176,93.4194
1678,92.1176,93.4194
1679,92.1176,93.4194
1680,92.1176,93.4194
1681,92.1176,93.4516
1682,92.1176,93.4839
1683,92.1176,93.4839
1684,92.1176,93.5161
1685,92.1176,93.5161
1686,92.1176,93.5484
1687,92.1176,93.5484
1688,92.1176,93.5484
1689,92.1176,93.5484
1690,92.1176,93.5484
1691,92.1176,93.5484
1692,92.1176,93.5484
1693,92.1176,93.5484
1694,92.1176,93.5484
1695,92.1176,93.5484
1696,92.1176,93.5484
1697,92.1176,93.5484
1698,92.1176,93.5484
1699,92.1176,93.5484
1700,92.1176,93.5484
1701,92.1176,93.5484
1702,92.1176,93.5484
1703,92.1176,93.5484
1704,92.1176,93.5484
1705,92.1176,93.5484
1706,92.1176,93.5484
1707,92.1176,93.5484
1708,92.1176,93.5484
1709,92.1176,93.5484
1710,92.1176,93.5484
1711,92.1176,93.5484
1712,92.1176,93.5484
1713,92.1176,93.5484
1714,92.1176,93.5484
1715,92.1176,93.5484
1716,92.1176,93.5161
1717,92.1176,93.5161
1718,92.1176,93.5161
1719,92.1176,93.5161
1720,92.1176,93.5161
1721,92.1176,93.5161
1722,92.1176,93.4839
1723,92.1176,93.4839
1724,92.1176,93.4839
1725,92.1176,93.4839
1726,92.1176,93.4839
1727,92.1176,93.4839
1728,92.1176,93.4839
1729,92.1176,93.4516
1730,92.1176,93.4516
1731,92.1176,93.4516
1732,92.1176,93.4516
1733,92.1176,93.4839
1734,92.1176,93.5161
1735,92.1176,93.5161
1736,92.1176,93.5161
1737,92.1176,93.5161
1738,92.2353,93.5161
1739,92.2353,93.5161
1740,92.2353,93.5161
1741,92.2353,93.5161
1742,92.2353,93.5161
1743,92.2353,93.5161
1744,92.2353,93.5161
1745,92.2353,93.5161
1746,92.2353,93.5161
1747,92.2353,93.5161
1748,92.2353,93.5161
1749,92.2353,93.5161
1750,92.2353,93.5161
1751,92.2353,93.5161
1752,92.2353,93.5161
1753,92.2353,93.5161
1754,92.2353,93.5161
1755,92.2353,93.5161
1756,92.2353,93.5484
1757,92.2353,93.5484
1758,92.2353,93.5484
1759,92.2353,93.5484
1760,92.2353,93.5484
1761,92.2353,93.5484
1762,92.2353,93.5484
1763,92.2353,93.5484
1764,92.2353,93.5484
1765,92.2353,93.5484
1766,92.2353,93.5484
1767,92.2353,93.5484
1768,92.2353,93.5484
1769,92.2353,93.5484
1770,92.2353,93.5484
1771,92.2353,93.5484
1772,92.2353,93.5484
1773,92.2353,93.5484
1774,92.2353,93.5484
1775,92.2353,93.5484
1776,92.2353,93.5484
1777,92.2353,93.5484
1778,92.2353,93.5806
1779,92.2353,93.5806
1780,92.2353,93.5806
1781,92.2353,93.5806
1782,92.1176,93.5806
1783,92.1176,93.5806
1784,92.1176,93.5806
1785,92.1176,93.5806
1786,92.1176,93.5806
1787,92.1176,93.5806
1788,92.1176,93.5806
1789,92.1176,93.5806
1790,92.1176,93.5806
1791,92.1176,93.5806
1792,92.1176,93.5806
1793,92.1176,93.5806
1794,92.1176,93.5806
1795,92.1176,93.5806
1796,92.1176,93.5806
1797,92.1176,93.5806
1798,92,93.5806
1799,92,93.5806
1800,92,93.5806
1801,92.1176,93.5806
1802,92.1176,93.5806
1803,92.1176,93.5806
1804,92.1176,93.5806
1805,92.1176,93.5806
1806,92.1176,93.5806
1807,92.1176,93.5806
1808,92.1176,93.5806
1809,92.1176,93.5806
1810,92.1176,93.5806
1811,92.1176,93.5806
1812,92.1176,93.6129
1813,92.1176,93.6129
1814,92.1176,93.6129
1815,92.1176,93.6129
1816,92.1176,93.6129
1817,92.1176,93.6129
1818,92.1176,93.6129
1819,92.1176,93.6129
1820,92.1176,93.6129
1821,92.1176,93.6129
1822,92.1176,93.6129
1823,92.1176,93.6452
1824,92.1176,93.6452
1825,92.1176,93.6452
1826,92.1176,93.6452
1827,92.1176,93.6774
1828,92.1176,93.6452
1829,92.1176,93.6452
1830,92.1176,93.6452
1831,92.1176,93.6452
1832,92.1176,93.6452
1833,92.1176,93.6452
1834,92.1176,93.6452
1835,92.1176,93.6452
1836,92.1176,93.6452
1837,92.1176,93.6452
1838,92.1176,93.6452
1839,92.1176,93.6452
1840,92.1176,93.6452
1841,92.1176,93.6452
1842,92.1176,93.6452
1843,92.1176,93.6452
1844,92.1176,93.6452
1845,92.1176,93.6452
1846,92.1176,93.6452
1847,92.1176,93.6774
1848,92.1176,93.6774
1849,92.1176,93.6774
1850,92.1176,93.6774
1851,92.1176,93.7419
1852,92.1176,93.7419
1853,92.1176,93.7419
1854,92.1176,93.7419
1855,92.1176,93.7419
1856,92.1176,93.7419
1857,92.1176,93.7419
1858,92.1176,93.7419
1859,92.1176,93.7419
1860,92.1176,93.7419
1861,92.1176,93.7419
1862,92.1176,93.7419
1863,92.1176,93.7419
1864,92.1176,93.7419
1865,92.1176,93.7419
1866,92.1176,93.7419
1867,92.1176,93.8065
1868,92.2353,93.8065
1869,92.2353,93.8065
1870,92.2353,93.8065
1871,92.2353,93.8065
1872,92.2353,93.8065
1873,92.2353,93.7742
1874,92.2353,93.7742
1875,92.2353,93.7742
1876,92.2353,93.8065
1877,92.2353,93.8065
1878,92.2353,93.8065
1879,92.2353,93.8065
1880,92.2353,93.8065
1881,92.2353,93.8065
1882,92.2353,93.8065
1883,92.3529,93.8065
1884,92.3529,93.8065
1885,92.3529,93.8065
1886,92.3529,93.8065
1887,92.3529,93.8065
1888,92.3529,93.8065
1889,92.3529,93.8065
1890,92.3529,93.8065
1891,92.3529,93.8065
1892,92.3529,93.8065
1893,92.3529,93.8065
1894,92.3529,93.8065
1895,92.3529,93.8065
1896,92.3529,93.8065
1897,92.3529,93.8065
1898,92.3529,93.8387
1899,92.3529,93.8387
1900,92.3529,93.8387
1901,92.3529,93.8387
1902,92.3529,93.8387
1903,92.3529,93.8387
1904,92.3529,93.8387
1905,92.3529,93.8387
1906,92.3529,93.8387
1907,92.3529,93.8387
1908,92.3529,93.871
1909,92.3529,93.871
1910,92.3529,93.871
1911,92.3529,93.9032
1912,92.3529,93.9032
1913,92.3529,93.9032
1914,92.3529,93.9032
1915,92.3529,93.9032
1916,92.3529,93.9355
1917,92.3529,93.9355
1918,92.3529,93.9355
1919,92.3529,93.9355
1920,92.3529,93.9355
1921,92.3529,93.9355
1922,92.3529,93.9355
1923,92.3529,93.9355
1924,92.3529,93.9355
1925,92.3529,93.9355
1926,92.3529,93.9355
1927,92.3529,93.9355
1928,92.3529,93.9355
1929,92.3529,93.9355
1930,92.3529,93.9355
1931,92.3529,93.9355
1932,92.3529,93.9355
1933,92.3529,93.9355
1934,92.3529,93.9355
1935,92.3529,93.9677
1936,92.3529,93.9677
1937,92.3529,93.9677
1938,92.3529,93.9677
1939,92.3529,93.9677
1940,92.3529,93.9677
1941,92.3529,93.9677
1942,92.3529,93.9677
1943,92.3529,93.9677
1944,92.3529,93.9677
1945,92.3529,93.9677
1946,92.3529,93.9677
1947,92.3529,93.9677
1948,92.3529,93.9677
1949,92.3529,93.9677
1950,92.3529,93.9677
1951,92.3529,93.9677
1952,92.3529,93.9677
1953,92.3529,93.9677
1954,92.3529,93.9677
1955,92.3529,93.9677
1956,92.3529,93.9677
1957,92.3529,93.9677
1958,92.3529,93.9677
1959,92.3529,93.9677
1960,92.4706,93.9677
1961,92.4706,93.9677
1962,92.4706,93.9677
1963,92.4706,93.9677
1964,92.4706,93.9677
1965,92.4706,93.9677
1966,92.4706,94
1967,92.4706,94.0323
1968,92.4706,94.0323
1969,92.4706,94.0323
1970,92.4706,94.0323
1971,92.4706,94.0323
1972,92.4706,94.0323
1973,92.4706,94.0323
1974,92.4706,94.0323
1975,92.4706,94.0323
1976,92.4706,94.0645
1977,92.4706,94.0323
1978,92.4706,94.0323
1979,92.4706,94.0323
1980,92.4706,94.0323
1981,92.4706,94.0323
1982,92.4706,94.0645
1983,92.4706,94.0645
1984,92.4706,94.0645
1985,92.4706,94.0645
1986,92.4706,94.0645
1987,92.4706,94.0645
1988,92.4706,94.0645
1989,92.3529,94.0645
1990,92.3529,94.0645
1991,92.3529,94.0645
1992,92.3529,94.0645
1993,92.3529,94.0645
1994,92.3529,94.0645
1995,92.3529,94.0645
1996,92.3529,94.0645
1997,92.3529,94.0645
1998,92.3529,94.0645
1999,92.3529,94.0645
2000,92.3529,94.0645
2001,92.3529,94.0645
2002,92.3529,94.0645
2003,92.2353,94.0645
2004,92.2353,94.0968
2005,92.2353,94.0968
2006,92.2353,94.0968
2007,92.2353,94.0968
2008,92.2353,94.0968
2009,92.2353,94.0968
2010,92.2353,94.0968
2011,92.2353,94.129
2012,92.2353,94.129
2013,92.2353,94.129
2014,92.2353,94.129
2015,92.2353,94.129
2016,92.2353,94.129
2017,92.2353,94.129
2018,92.2353,94.129
2019,92.2353,94.1613
2020,92.2353,94.1613
2021,92.2353,94.1613
2022,92.2353,94.1613
2023,92.2353,94.1935
2024,92.2353,94.1935
2025,92.2353,94.1935
2026,92.2353,94.1935
2027,92.2353,94.1935
2028,92.2353,94.1935
2029,92.2353,94.1935
2030,92.2353,94.1935
2031,92.2353,94.1935
2032,92.2353,94.1935
2033,92.2353,94.1935
2034,92.2353,94.1935
2035,92.2353,94.1935
2036,92.2353,94.1935
2037,92.2353,94.1935
2038,92.2353,94.1935
2039,92.2353,94.1935
2040,92.2353,94.2258
2041,92.2353,94.2258
2042,92.2353,94.2258
2043,92.2353,94.2258
2044,92.2353,94.2258
2045,92.2353,94.2258
2046,92.2353,94.2258
2047,92.2353,94.2258
2048,92.2353,94.2258
2049,92.2353,94.2258
2050,92.2353,94.2258
2051,92.2353,94.2258
2052,92.2353,94.2258
2053,92.2353,94.2258
2054,92.2353,94.2258
2055,92.2353,94.2258
2056,92.2353,94.2581
2057,92.2353,94.2581
2058,92.2353,94.2581
2059,92.2353,94.2581
2060,92.2353,94.2581
2061,92.2353,94.2581
2062,92.2353,94.2581
2063,92.2353,94.2581
2064,92.2353,94.2581
2065,92.2353,94.2581
2066,92.2353,94.2581
2067,92.2353,94.2581
2068,92.2353,94.2581
2069,92.2353,94.2581
2070,92.2353,94.2581
2071,92.2353,94.2581
2072,92.2353,94.2581
2073,92.2353,94.2581
2074,92.2353,94.2581
2075,92.2353,94.2903
2076,92.2353,94.2903
2077,92.2353,94.2903
2078,92.2353,94.2903
2079,92.2353,94.2903
2080,92.2353,94.2903
2081,92.2353,94.2903
2082,92.2353,94.2903
2083,92.2353,94.2903
2084,92.2353,94.2903
2085,92.2353,94.2903
2086,92.2353,94.2903
2087,92.2353,94.2903
2088,92.2353,94.2903
2089,92.2353,94.2903
2090,92.2353,94.2903
2091,92.2353,94.2903
2092,92.2353,94.3226
2093,92.2353,94.3226
2094,92.2353,94.3226
2095,92.2353,94.3226
2096,92.2353,94.3226
2097,92.2353,94.3226
2098,92.2353,94.3226
2099,92.2353,94.3226
2100,92.2353,94.3226
2101,92.2353,94.3226
2102,92.2353,94.3226
2103,92.2353,94.3226
2104,92.2353,94.3226
2105,92.2353,94.3226
2106,92.2353,94.3226
2107,92.2353,94.3226
2108,92.2353,94.3226
2109,92.2353,94.3226
2110,92.2353,94.3226
2111,92.2353,94.3226
2112,92.2353,94.3226
2113,92.2353,94.3548
2114,92.2353,94.3548
2115,92.2353,94.3548
2116,92.2353,94.3548
2117,92.3529,94.3548
2118,92.3529,94.3871
2119,92.3529,94.4194
2120,92.3529,94.4194
2121,92.3529,94.4194
2122,92.3529,94.4194
2123,92.3529,94.4194
2124,92.3529,94.4194
2125,92.3529,94.4516
2126,92.3529,94.4516
2127,92.3529,94.4516
2128,92.3529,94.4516
2129,92.3529,94.4516
2130,92.3529,94.4516
2131,92.3529,94.4839
2132,92.3529,94.4839
2133,92.3529,94.4839
2134,92.3529,94.4839
2135,92.3529,94.4839
2136,92.3529,94.4839
2137,92.3529,94.4839
2138,92.3529,94.4839
2139,92.3529,94.4839
2140,92.3529,94.4839
2141,92.3529,94.4839
2142,92.3529,94.4839
2143,92.3529,94.5161
2144,92.3529,94.5161
2145,92.3529,94.5161
2146,92.3529,94.5161
2147,92.3529,94.5161
2148,92.3529,94.5161
2149,92.3529,94.5161
2150,92.3529,94.5161
2151,92.3529,94.4839
2152,92.3529,94.4839
2153,92.3529,94.4839
2154,92.3529,94.4516
2155,92.3529,94.4516
2156,92.3529,94.4516
2157,92.3529,94.4516
2158,92.3529,94.4516
2159,92.3529,94.4516
2160,92.3529,94.4516
2161,92.3529,94.4516
2162,92.3529,94.4516
2163,92.3529,94.4839
2164,92.3529,94.4839
2165,92.3529,94.4839
2166,92.3529,94.4839
2167,92.3529,94.4839
2168,92.3529,94.4839
2169,92.3529,94.4839
2170,92.3529,94.4839
2171,92.3529,94.5161
2172,92.3529,94.5161
2173,92.3529,94.5484
2174,92.3529,94.5484
2175,92.3529,94.5484
2176,92.3529,94.5484
2177,92.3529,94.5484
2178,92.3529,94.5484
2179,92.3529,94.5484
2180,92.3529,94.5484
2181,92.3529,94.5484
2182,92.3529,94.5484
2183,92.3529,94.5484
2184,92.3529,94.5484
2185,92.3529,94.5484
2186,92.3529,94.5484
2187,92.3529,94.5484
2188,92.3529,94.5484
2189,92.3529,94.5484
2190,92.3529,94.5484
2191,92.3529,94.5484
2192,92.3529,94.5484
2193,92.3529,94.5484
2194,92.3529,94.5484
2195,92.3529,94.5484
2196,92.3529,94.5484
2197,92.3529,94.5806
2198,92.3529,94.5806
2199,92.3529,94.5806
2200,92.3529,94.5806
2201,92.3529,94.5806
2202,92.3529,94.5806
2203,92.3529,94.5806
2204,92.3529,94.5806
2205,92.3529,94.5806
2206,92.3529,94.5806
2207,92.3529,94.5806
2208,92.3529,94.5806
2209,92.3529,94.5806
2210,92.3529,94.5806
2211,92.3529,94.5806
2212,92.3529,94.5806
2213,92.3529,94.5806
2214,92.3529,94.5806
2215,92.3529,94.5806
2216,92.3529,94.5806
2217,92.3529,94.5806
2218,92.3529,94.5806
2219,92.3529,94.5806
2220,92.3529,94.5806
2221,92.3529,94.5806
2222,92.3529,94.5806
2223,92.3529,94.5806
2224,92.3529,94.5806
2225,92.3529,94.5806
2226,92.3529,94.5806
2227,92.3529,94.5806
2228,92.3529,94.5806
2229,92.3529,94.5806
2230,92.3529,94.5806
2231,92.3529,94.5806
2232,92.3529,94.5806
2233,92.3529,94.5806
2234,92.3529,94.5806
2235,92.3529,94.5806
2236,92.3529,94.5806
2237,92.3529,94.5806
2238,92.3529,94.5806
2239,92.3529,94.5806
2240,92.3529,94.5806
2241,92.3529,94.6129
2242,92.3529,94.6129
2243,92.3529,94.6129
2244,92.3529,94.6129
2245,92.3529,94.6129
2246,92.3529,94.6129
2247,92.3529,94.6129
2248,92.3529,94.6129
2249,92.3529,94.6129
2250,92.3529,94.6129
2251,92.3529,94.6129
2252,92.3529,94.6129
2253,92.3529,94.6129
2254,92.3529,94.6129
2255,92.3529,94.6129
2256,92.3529,94.6129
2257,92.3529,94.6129
2258,92.3529,94.6129
2259,92.3529,94.6129
2260,92.3529,94.6129
2261,92.3529,94.6129
2262,92.3529,94.6129
2263,92.3529,94.6129
2264,92.3529,94.6129
2265,92.3529,94.6129
2266,92.3529,94.6129
2267,92.4706,94.6129
2268,92.4706,94.6129
2269,92.4706,94.6129
2270,92.4706,94.6129
2271,92.4706,94.6129
2272,92.4706,94.6129
2273,92.4706,94.6129
2274,92.4706,94.6129
2275,92.4706,94.6129
2276,92.4706,94.6129
2277,92.4706,94.6129
2278,92.4706,94.6129
2279,92.4706,94.6129
2280,92.4706,94.6129
2281,92.4706,94.6129
2282,92.4706,94.6129
2283,92.4706,94.6129
2284,92.4706,94.6129
2285,92.4706,94.6129
2286,92.4706,94.6129
2287,92.4706,94.6129
2288,92.4706,94.6129
2289,92.4706,94.6129
2290,92.4706,94.6129
2291,92.4706,94.6129
2292,92.4706,94.6452
2293,92.4706,94.6452
2294,92.4706,94.6452
2295,92.4706,94.6774
2296,92.4706,94.6774
2297,92.4706,94.6774
2298,92.4706,94.6774
2299,92.4706,94.6774
2300,92.4706,94.6774
2301,92.4706,94.6774
2302,92.4706,94.6774
2303,92.4706,94.6774
2304,92.4706,94.6774
2305,92.4706,94.6774
2306,92.4706,94.6774
2307,92.4706,94.6774
2308,92.4706,94.6774
2309,92.4706,94.6774
2310,92.4706,94.6774
2311,92.4706,94.6774
2312,92.4706,94.6774
2313,92.4706,94.6774
2314,92.4706,94.6452
2315,92.4706,94.6452
2316,92.4706,94.6452
2317,92.4706,94.6452
2318,92.4706,94.6452
2319,92.4706,94.6452
2320,92.4706,94.6452
2321,92.5882,94.6452
2322,92.5882,94.6452
2323,92.5882,94.6452
2324,92.5882,94.6452
2325,92.5882,94.6452
2326,92.5882,94.6452
2327,92.5882,94.6452
2328,92.5882,94.6452
2329,92.5882,94.6452
2330,92.5882,94.6452
2331,92.5882,94.6452
2332,92.7059,94.6452
2333,92.7059,94.6452
2334,92.7059,94.6452
2335,92.7059,94.6452
2336,92.7059,94.6452
2337,92.7059,94.6452
2338,92.7059,94.6452
2339,92.7059,94.6452
2340,92.7059,94.6452
2341,92.7059,94.6452
2342,92.7059,94.6452
2343,92.7059,94.6452
2344,92.7059,94.6452
2345,92.7059,94.6452
2346,92.7059,94.6452
2347,92.7059,94.6452
2348,92.7059,94.6452
2349,92.7059,94.6452
2350,92.7059,94.6452
2351,92.7059,94.6774
2352,92.7059,94.6774
2353,92.7059,94.6774
2354,92.7059,94.6774
2355,92.7059,94.6774
2356,92.7059,94.6774
2357,92.7059,94.6774
2358,92.8235,94.6774
2359,92.8235,94.6774
2360,92.8235,94.6774
2361,92.8235,94.6774
2362,92.8235,94.6774
2363,92.8235,94.6774
2364,92.8235,94.6774
2365,92.8235,94.6774
2366,92.8235,94.6774
2367,92.8235,94.6774
2368,92.8235,94.7097
2369,92.8235,94.7097
2370,92.8235,94.7097
2371,92.8235,94.7419
2372,92.8235,94.7419
2373,92.8235,94.7419
2374,92.8235,94.7419
2375,92.8235,94.7419
2376,92.8235,94.7742
2377,92.8235,94.7742
2378,92.8235,94.7742
2379,92.8235,94.7742
2380,92.8235,94.7742
2381,92.8235,94.7742
2382,92.8235,94.7742
2383,92.8235,94.7742
2384,92.8235,94.7742
2385,92.8235,94.7742
2386,92.8235,94.7742
2387,92.8235,94.7742
2388,92.8235,94.7742
2389,92.8235,94.7742
2390,92.8235,94.7742
2391,92.8235,94.7742
2392,92.8235,94.7742
2393,92.8235,94.7742
2394,92.8235,94.7742
2395,92.8235,94.7742
2396,92.8235,94.7742
2397,92.8235,94.7742
2398,92.8235,94.7742
2399,92.8235,94.7742
2400,92.8235,94.7742
2401,92.8235,94.7742
2402,92.8235,94.7742
2403,92.8235,94.7742
2404,92.8235,94.7742
2405,92.8235,94.7742
2406,92.8235,94.7742
2407,92.8235,94.7742
2408,92.8235,94.7742
2409,92.8235,94.7742
2410,92.8235,94.7742
2411,92.8235,94.7742
2412,92.8235,94.7742
2413,92.8235,94.7742
2414,92.8235,94.7742
2415,92.8235,94.7742
2416,92.8235,94.7742
2417,92.8235,94.7419
2418,92.8235,94.7419
2419,92.8235,94.7742
2420,92.8235,94.7742
2421,92.8235,94.7742
2422,92.8235,94.8065
2423,92.8235,94.8065
2424,92.8235,94.8065
2425,92.8235,94.8065
2426,92.8235,94.8387
2427,92.8235,94.8387
2428,92.8235,94.8387
2429,92.8235,94.8387
2430,92.8235,94.8387
2431,92.8235,94.8387
2432,92.8235,94.8387
2433,92.8235,94.8387
2434,92.8235,94.8387
2435,92.8235,94.8387
2436,92.8235,94.871
2437,92.8235,94.871
2438,92.7059,94.871
2439,92.7059,94.871
2440,92.7059,94.871
2441,92.7059,94.871
2442,92.7059,94.871
2443,92.7059,94.871
2444,92.7059,94.871
2445,92.7059,94.871
2446,92.7059,94.871
2447,92.7059,94.9032
2448,92.7059,94.9032
2449,92.7059,94.9032
2450,92.7059,94.9032
2451,92.7059,94.9032
2452,92.7059,94.9032
2453,92.7059,94.9032
2454,92.7059,94.9032
2455,92.7059,94.9032
2456,92.7059,94.9032
2457,92.7059,94.9032
2458,92.7059,94.9032
2459,92.7059,94.9032
2460,92.7059,94.9032
2461,92.7059,94.9032
2462,92.7059,94.9032
2463,92.7059,94.9355
2464,92.7059,94.9355
2465,92.7059,94.9355
2466,92.7059,94.9355
2467,92.7059,94.9355
2468,92.7059,94.9355
2469,92.7059,94.9355
2470,92.7059,94.9355
2471,92.7059,94.9355
2472,92.7059,94.9355
2473,92.7059,94.9355
2474,92.7059,94.9355
2475,92.7059,94.9355
2476,92.7059,94.9355
2477,92.7059,94.9355
2478,92.7059,94.9355
2479,92.7059,94.9355
2480,92.7059,94.9677
2481,92.7059,94.9677
2482,92.7059,95
2483,92.7059,95
2484,92.7059,95
2485,92.7059,95
2486,92.7059,95
2487,92.7059,95
2488,92.7059,95
2489,92.7059,95
2490,92.7059,95
2491,92.7059,95
2492,92.7059,95
2493,92.7059,95
2494,92.7059,95
2495,92.7059,95
2496,92.7059,95
2497,92.7059,95
2498,92.7059,95
2499,92.7059,95
2500,92.7059,95
2501,92.7059,95
2502,92.7059,95
2503,92.7059,95
2504,92.7059,95
2505,92.7059,95
2506,92.7059,95
2507,92.7059,94.9677
2508,92.7059,94.9677
2509,92.7059,94.9677
2510,92.7059,95
2511,92.7059,95
2512,92.7059,95
2513,92.7059,95
2514,92.7059,95
2515,92.7059,95
2516,92.7059,95
2517,92.7059,95
2518,92.7059,95
2519,92.7059,95
2520,92.7059,95
2521,92.8235,95
2522,92.8235,95
2523,92.8235,95
2524,92.8235,95
2525,92.8235,95
2526,92.8235,95
2527,92.8235,95
2528,92.8235,95.0323
2529,92.8235,95.0323
2530,92.8235,95.0323
2531,92.8235,95.0323
2532,92.8235,95.0323
2533,92.8235,95.0323
2534,92.8235,95.0323
2535,92.8235,95.0323
2536,92.8235,95.0323
2537,92.8235,95.0323
2538,92.8235,95.0323
2539,92.8235,95.0323
2540,92.8235,95.0323
2541,92.8235,95.0323
2542,92.8235,95.0323
2543,92.8235,95.0323
2544,92.8235,95.0323
2545,92.8235,95.0323
2546,92.8235,95.0323
2547,92.8235,95.0323
2548,92.8235,95.0323
2549,92.8235,95.0323
2550,92.8235,95.0323
2551,92.8235,95.0323
2552,92.8235,95.0645
2553,92.8235,95.0645
2554,92.8235,95.0645
2555,92.8235,95.0645
2556,92.8235,95.0645
2557,92.8235,95.0645
2558,92.8235,95.0645
2559,92.8235,95.0968
2560,92.8235,95.0968
2561,92.8235,95.0968
2562,92.8235,95.0968
2563,92.8235,95.0968
2564,92.8235,95.0968
2565,92.8235,95.0968
2566,92.8235,95.0968
2567,92.8235,95.0968
2568,92.8235,95.0968
2569,92.8235,95.0968
2570,92.8235,95.0968
2571,92.8235,95.0968
2572,92.8235,95.0968
2573,92.8235,95.0968
2574,92.8235,95.0968
2575,92.8235,95.0968
2576,92.8235,95.0968
2577,92.8235,95.0968
2578,92.8235,95.0968
2579,92.8235,95.0968
2580,92.8235,95.0968
2581,92.8235,95.0968
2582,92.8235,95.0968
2583,92.8235,95.0968
2584,92.8235,95.0968
2585,92.8235,95.0968
2586,92.8235,95.0968
2587,92.8235,95.129
2588,92.8235,95.129
2589,92.8235,95.1613
2590,92.8235,95.1613
2591,92.8235,95.1613
2592,92.8235,95.1613
2593,92.8235,95.1613
2594,92.8235,95.1613
2595,92.8235,95.1613
2596,92.8235,95.1613
2597,92.8235,95.1613
2598,92.8235,95.1613
2599,92.8235,95.1613
2600,92.8235,95.1613
2601,92.8235,95.1613
2602,92.8235,95.129
2603,92.8235,95.129
2604,92.8235,95.129
2605,92.8235,95.129
2606,92.8235,95.129
2607,92.8235,95.129
2608,92.8235,95.129
2609,92.8235,95.129
2610,92.8235,95.129
2611,92.8235,95.129
2612,92.8235,95.129
2613,92.8235,95.129
2614,92.8235,95.129
2615,92.8235,95.129
2616,92.8235,95.129
2617,92.8235,95.129
2618,92.8235,95.129
2619,92.8235,95.0968
2620,92.8235,95.0968
2621,92.8235,95.0968
2622,92.8235,95.0968
2623,92.8235,95.0968
2624,92.8235,95.0968
2625,92.8235,95.0968
2626,92.8235,95.0968
2627,92.8235,95.0968
2628,92.8235,95.0968
2629,92.8235,95.0968
2630,92.8235,95.0968
2631,92.8235,95.0968
2632,92.8235,95.0968
2633,92.8235,95.0968
2634,92.8235,95.0968
2635,92.8235,95.0968
2636,92.8235,95.0968
2637,92.8235,95.0968
2638,92.8235,95.0968
2639,92.8235,95.0968
2640,92.8235,95.0968
2641,92.8235,95.0968
2642,92.8235,95.0968
2643,92.8235,95.0968
2644,92.8235,95.0968
2645,92.8235,95.0968
2646,92.8235,95.0968
2647,92.8235,95.0968
2648,92.8235,95.0968
2649,92.8235,95.0968
2650,92.8235,95.0968
2651,92.8235,95.0968
2652,92.8235,95.0968
2653,92.8235,95.0968
2654,92.8235,95.0968
2655,92.8235,95.0968
2656,92.8235,95.0968
2657,92.8235,95.0968
2658,92.8235,95.0968
2659,92.8235,95.0968
2660,92.8235,95.0968
2661,92.8235,95.0968
2662,92.8235,95.0968
2663,92.8235,95.0968
2664,92.8235,95.0968
2665,92.8235,95.0968
2666,92.8235,95.0968
2667,92.8235,95.0968
2668,92.8235,95.0968
2669,92.8235,95.0968
2670,92.8235,95.0968
2671,92.8235,95.129
2672,92.8235,95.129
2673,92.8235,95.129
2674,92.8235,95.129
2675,92.8235,95.129
2676,92.8235,95.129
2677,92.8235,95.129
2678,92.8235,95.129
2679,92.8235,95.129
2680,92.8235,95.129
2681,92.8235,95.129
2682,92.8235,95.129
2683,92.8235,95.129
2684,92.8235,95.129
2685,92.8235,95.129
2686,92.8235,95.129
2687,92.8235,95.129
2688,92.8235,95.129
2689,92.8235,95.129
2690,92.8235,95.129
2691,92.8235,95.129
2692,92.8235,95.129
2693,92.8235,95.129
2694,92.8235,95.129
2695,92.8235,95.129
2696,92.8235,95.1613
2697,92.8235,95.1613
2698,92.8235,95.1613
2699,92.8235,95.1613
2700,92.8235,95.1613
2701,92.8235,95.1935
2702,92.8235,95.1935
2703,92.8235,95.1935
2704,92.8235,95.1935
2705,92.8235,95.1935
2706,92.8235,95.1935
2707,92.8235,95.2258
2708,92.8235,95.2258
2709,92.8235,95.2258
2710,92.8235,95.2258
2711,92.8235,95.2581
2712,92.8235,95.2581
2713,92.8235,95.2581
2714,92.8235,95.2581
2715,92.8235,95.2581
2716,92.8235,95.2581
2717,92.8235,95.2581
2718,92.8235,95.2581
2719,92.8235,95.2581
2720,92.8235,95.2903
2721,92.8235,95.2903
2722,92.8235,95.2903
2723,92.8235,95.2903
2724,92.8235,95.2903
2725,92.8235,95.2903
2726,92.8235,95.2903
2727,92.8235,95.2903
2728,92.9412,95.2903
2729,92.9412,95.2903
2730,92.9412,95.2903
2731,92.9412,95.2903
2732,92.9412,95.2903
2733,92.9412,95.2903
2734,92.9412,95.2903
2735,92.9412,95.2903
2736,92.9412,95.2903
2737,92.9412,95.2903
2738,92.9412,95.2903
2739,92.9412,95.2903
2740,92.9412,95.2903
2741,92.9412,95.2903
2742,92.9412,95.2903
2743,92.9412,95.2903
2744,92.9412,95.2903
2745,92.9412,95.2903
2746,92.9412,95.2903
2747,92.9412,95.2903
2748,92.9412,95.2903
2749,92.9412,95.2903
2750,92.9412,95.2903
2751,92.9412,95.2903
2752,92.9412,95.2903
2753,92.9412,95.2903
2754,92.9412,95.2903
2755,92.9412,95.3226
2756,92.9412,95.3226
2757,92.9412,95.3226
2758,92.9412,95.3226
2759,92.9412,95.3226
2760,92.9412,95.3226
2761,92.9412,95.3226
2762,92.9412,95.3226
2763,92.9412,95.3226
2764,92.9412,95.3226
2765,92.9412,95.3226
2766,92.9412,95.2903
2767,92.9412,95.2903
2768,92.9412,95.2903
2769,92.9412,95.2903
2770,92.9412,95.2903
2771,92.9412,95.2903
2772,92.9412,95.2903
2773,92.9412,95.2903
2774,92.9412,95.2903
2775,92.9412,95.2903
2776,92.9412,95.2903
2777,92.9412,95.2903
2778,92.9412,95.2903
2779,92.9412,95.2903
2780,92.9412,95.2903
2781,92.9412,95.2903
2782,92.9412,95.2903
2783,92.9412,95.2903
2784,92.9412,95.2903
2785,92.9412,95.2903
2786,92.9412,95.2903
2787,92.9412,95.2903
2788,92.9412,95.2903
2789,92.9412,95.2903
2790,92.9412,95.2903
2791,92.9412,95.2903
2792,92.9412,95.2903
2793,92.9412,95.2903
2794,92.9412,95.2903
2795,92.9412,95.2903
2796,92.9412,95.2903
2797,92.9412,95.2903
2798,92.9412,95.2903
2799,92.9412,95.2903
2800,92.9412,95.2903
2801,92.9412,95.2903
2802,92.9412,95.2903
2803,92.9412,95.2903
2804,92.9412,95.2903
2805,92.9412,95.2903
2806,92.9412,95.2903
2807,92.9412,95.2903
2808,92.9412,95.2903
2809,92.9412,95.2903
2810,92.9412,95.2903
2811,92.9412,95.2903
2812,92.9412,95.2903
2813,92.9412,95.2903
2814,92.9412,95.2903
2815,92.9412,95.2903
2816,92.9412,95.2903
2817,92.9412,95.2903
2818,92.9412,95.2903
2819,92.9412,95.2903
2820,92.9412,95.2903
2821,92.9412,95.2903
2822,92.9412,95.2903
2823,92.9412,95.2903
2824,92.9412,95.2903
2825,92.9412,95.3226
2826,92.9412,95.3226
2827,92.9412,95.3226
2828,92.9412,95.3226
2829,92.9412,95.3226
2830,92.9412,95.3548
2831,92.9412,95.3548
2832,92.9412,95.3548
2833,92.9412,95.3548
2834,92.9412,95.3548
2835,92.9412,95.3548
2836,92.9412,95.3548
2837,92.9412,95.3548
2838,92.9412,95.3548
2839,92.9412,95.3548
2840,92.9412,95.3548
2841,92.9412,95.3548
2842,92.9412,95.3548
2843,92.9412,95.3871
2844,92.9412,95.3871
2845,92.9412,95.3871
2846,92.9412,95.3871
2847,92.9412,95.3871
2848,92.9412,95.3871
2849,92.9412,95.3871
2850,92.9412,95.3871
2851,92.9412,95.3871
2852,92.9412,95.3871
2853,92.9412,95.3871
2854,92.9412,95.3871
2855,92.9412,95.3871
2856,92.9412,95.3871
2857,92.9412,95.3871
2858,92.9412,95.3871
2859,92.9412,95.3871
2860,92.9412,95.3871
2861,92.9412,95.3871
2862,92.9412,95.3871
2863,92.9412,95.3871
2864,92.9412,95.3871
2865,92.9412,95.3871
2866,92.9412,95.3871
2867,92.9412,95.3871
2868,92.9412,95.3871
2869,92.9412,95.3871
2870,92.9412,95.3871
2871,92.9412,95.3871
2872,92.9412,95.3871
2873,92.9412,95.3871
2874,92.9412,95.3871
2875,92.9412,95.3871
2876,92.9412,95.3871
2877,92.9412,95.3871
2878,92.9412,95.3871
2879,92.9412,95.3871
2880,92.9412,95.3871
2881,92.9412,95.3871
2882,92.9412,95.3871
2883,92.9412,95.3871
2884,92.9412,95.3871
2885,92.9412,95.3871
2886,92.9412,95.3871
2887,92.9412,95.3871
2888,92.9412,95.3871
2889,92.9412,95.3871
2890,92.9412,95.3871
2891,92.9412,95.3871
2892,92.9412,95.3871
2893,92.9412,95.3871
2894,92.9412,95.3871
2895,92.9412,95.3871
2896,92.9412,95.3871
2897,92.9412,95.3871
2898,92.9412,95.3871
2899,93.0588,95.3871
2900,93.0588,95.3871
2901,93.0588,95.3871
2902,93.0588,95.3871
2903,93.0588,95.3871
2904,93.0588,95.3871
2905,93.0588,95.3871
2906,93.0588,95.3871
2907,93.0588,95.3871
2908,93.0588,95.3871
2909,93.0588,95.3871
2910,93.0588,95.3871
2911,93.0588,95.3871
2912,93.0588,95.3871
2913,93.0588,95.4194
2914,93.0588,95.4194
2915,93.0588,95.4194
2916,93.0588,95.4194
2917,93.0588,95.4194
2918,93.0588,95.4194
2919,92.9412,95.4194
2920,92.9412,95.4194
2921,92.9412,95.4194
2922,92.9412,95.4194
2923,92.9412,95.4194
2924,92.9412,95.4194
2925,92.9412,95.4194
2926,92.9412,95.4194
2927,92.9412,95.4194
2928,92.9412,95.4194
2929,92.9412,95.4194
2930,92.9412,95.4194
2931,92.9412,95.4194
2932,92.9412,95.4194
2933,92.9412,95.4194
2934,92.9412,95.4194
2935,92.9412,95.4194
2936,92.9412,95.4194
2937,92.9412,95.4194
2938,92.9412,95.4194
2939,92.9412,95.4194
2940,92.9412,95.4194
2941,92.9412,95.4194
2942,92.9412,95.4194
2943,92.9412,95.4194
2944,92.9412,95.4194
2945,92.9412,95.4194
2946,92.9412,95.4194
2947,92.9412,95.4516
2948,92.9412,95.4516
2949,92.9412,95.4516
2950,92.9412,95.4516
2951,92.9412,95.4516
2952,92.9412,95.4516
2953,92.9412,95.4516
2954,92.9412,95.4516
2955,92.9412,95.4516
2956,92.9412,95.4516
2957,92.9412,95.4516
2958,92.9412,95.4516
2959,92.9412,95.4516
2960,92.9412,95.4516
2961,92.9412,95.4516
2962,92.9412,95.4839
2963,92.9412,95.4839
2964,92.9412,95.4839
2965,92.9412,95.4839
2966,92.9412,95.4839
2967,92.9412,95.4839
2968,92.9412,95.4839
2969,92.9412,95.4839
2970,92.9412,95.4839
2971,92.9412,95.4839
2972,92.9412,95.4839
2973,92.9412,95.4839
2974,92.9412,95.4839
2975,92.9412,95.4839
2976,93.0588,95.4839
2977,93.0588,95.4839
2978,93.0588,95.4839
2979,93.0588,95.4839
2980,93.0588,95.4839
2981,93.0588,95.5161
2982,93.0588,95.5161
2983,93.0588,95.5161
2984,93.0588,95.5161
2985,93.0588,95.4839
2986,93.0588,95.4839
2987,93.0588,95.5161
2988,93.0588,95.5161
2989,93.0588,95.5161
2990,93.0588,95.5161
2991,93.0588,95.5161
2992,93.0588,95.5161
2993,93.0588,95.5161
2994,93.0588,95.5161
2995,93.0588,95.5161
2996,93.0588,95.5161
2997,93.0588,95.5161
2998,93.0588,95.5161
2999,93.0588,95.5161
