0,11.6471,10.6452
1,12.8235,12.2581
2,18.4706,17.2903
3,18.7059,17.5806
4,24.9412,22.3871
5,32.3529,30.9032
6,38.7059,36.3548
7,40.2353,39.0323
8,41.5294,40.3871
9,42.3529,41.3871
10,44.4706,43.0323
11,46.7059,44.2903
12,48.1176,46.5806
13,49.7647,48.129
14,51.5294,49.8065
15,54,51.4194
16,55.6471,53.0645
17,56.7059,54.5484
18,58.1176,55.7742
19,58.4706,56.9032
20,59.7647,57.7419
21,61.5294,58.6452
22,62.1176,59.2903
23,62.8235,60.0323
24,63.8824,60.8065
25,64.5882,61.7419
26,64.8235,62.4839
27,65.4118,63.0323
28,66,63.5806
29,66.7059,64.2258
30,66.9412,64.9355
31,67.2941,65.4516
32,67.7647,66.129
33,68.4706,66.6452
34,68.9412,66.9355
35,69.2941,67.3226
36,69.8824,68.0323
37,70.1176,68.5806
38,71.0588,69.1613
39,71.5294,69.8387
40,72.1176,70.5484
41,72.7059,71.0968
42,73.4118,71.6452
43,73.5294,72.4839
44,74.3529,73.0323
45,74.5882,73.3871
46,75.2941,73.8387
47,76.1176,74.129
48,76.5882,74.6452
49,76.9412,75.129
50,77.2941,75.4516
51,77.7647,75.6129
52,77.7647,75.7419
53,78.3529,75.9032
54,78.5882,76.0323
55,78.9412,76.0645
56,78.9412,76.3226
57,79.1765,76.5484
58,79.4118,76.7419
59,79.4118,77.0968
60,79.5294,77.3548
61,79.6471,77.5806
62,80,77.7097
63,79.8824,77.7419
64,80.1176,77.9677
65,80.3529,78.5484
66,80.3529,78.6774
67,80.4706,78.8065
68,80.4706,78.9677
69,80.5882,79.0645
70,80.4706,79.2581
71,80.5882,79.3226
72,80.5882,79.3226
73,80.5882,79.4516
74,80.7059,79.4516
75,80.7059,79.4839
76,80.7059,79.6452
77,80.5882,79.6774
78,80.5882,79.6774
79,80.7059,79.7419
80,80.9412,79.8387
81,81.0588,79.871
82,81.0588,80
83,81.0588,80.1613
84,81.0588,80.129
85,81.0588,80.3226
86,81.0588,80.4194
87,81.0588,80.4516
88,81.0588,80.5161
89,81.1765,80.5484
90,81.2941,80.5161
91,81.4118,80.6129
92,81.5294,80.7742
93,81.6471,80.8387
94,81.7647,80.9032
95,81.7647,80.9355
96,81.7647,81
97,81.7647,80.9032
98,82,81.0323
99,82.1176,81.0323
100,82.1176,81.0323
101,82,81.0968
102,82.1176,81.0645
103,82.1176,81.1613
104,82.2353,81.1935
105,82.4706,81.2258
106,82.4706,81.2903
107,82.4706,81.3226
108,82.4706,81.3226
109,82.5882,81.3226
110,82.5882,81.4194
111,82.5882,81.5484
112,82.5882,81.5484
113,82.7059,81.5484
114,82.7059,81.6452
115,82.7059,81.6774
116,82.7059,81.7742
117,82.7059,81.8387
118,82.8235,81.871
119,82.9412,81.9032
120,83.1765,81.9677
121,83.1765,82.0323
122,83.1765,82.0645
123,83.1765,82.0968
124,83.1765,82.129
125,82.9412,82.1935
126,82.9412,82.1613
127,83.0588,82.1613
128,82.9412,82.1613
129,82.9412,82.1613
130,82.9412,82.2581
131,82.9412,82.3548
132,82.9412,82.3226
133,82.8235,82.3548
134,82.9412,82.4194
135,82.9412,82.4194
136,82.9412,82.4516
137,82.9412,82.4839
138,82.9412,82.4839
139,82.9412,82.5806
140,83.0588,82.6129
141,82.9412,82.6452
142,82.9412,82.6774
143,82.9412,82.6774
144,82.9412,82.7419
145,82.9412,82.7097
146,82.9412,82.7097
147,82.9412,82.7742
148,82.9412,82.8387
149,82.9412,82.8065
150,82.9412,82.8387
151,82.9412,82.8387
152,82.9412,82.9032
153,82.9412,82.9032
154,82.9412,82.9355
155,83.0588,82.9677
156,83.0588,83
157,83.0588,83.0968
158,83.0588,83.1613
159,83.0588,83.1935
160,83.0588,83.1935
161,83.1765,83.1935
162,83.2941,83.1935
163,83.2941,83.1935
164,83.4118,83.2258
165,83.4118,83.2903
166,83.4118,83.3871
167,83.4118,83.3871
168,83.4118,83.3871
169,83.4118,83.3871
170,83.4118,83.3871
171,83.4118,83.4194
172,83.4118,83.4516
173,83.4118,83.4839
174,83.4118,83.5161
175,83.2941,83.5161
176,83.2941,83.6129
177,83.1765,83.6452
178,83.1765,83.6774
179,83.1765,83.7097
180,83.1765,83.7419
181,83.2941,83.8065
182,83.2941,83.871
183,83.2941,83.871
184,83.2941,83.9677
185,83.2941,83.9677
186,83.2941,84.0323
187,83.2941,84.129
188,83.2941,84.129
189,83.2941,84.1613
190,83.1765,84.1613
191,83.1765,84.2258
192,83.2941,84.2258
193,83.2941,84.2581
194,83.2941,84.3548
195,83.4118,84.4194
196,83.5294,84.4516
197,83.5294,84.4839
198,83.5294,84.4516
199,83.5294,84.4194
200,83.4118,84.4194
201,83.4118,84.4516
202,83.5294,84.4516
203,83.5294,84.4516
204,83.6471,84.4516
205,83.7647,84.4839
206,83.6471,84.4839
207,83.6471,84.5161
208,83.6471,84.6129
209,83.6471,84.6129
210,83.6471,84.6452
211,83.6471,84.7419
212,83.5294,84.7419
213,83.5294,84.7419
214,83.5294,84.7419
215,83.5294,84.8065
216,83.5294,84.8387
217,83.5294,84.8387
218,83.5294,84.8387
219,83.5294,84.9032
220,83.6471,84.9355
221,83.6471,84.9677
222,83.6471,85
223,83.6471,85
224,83.7647,85.0323
225,83.7647,85.0645
226,83.8824,85.0968
227,83.8824,85.0968
228,83.8824,85.1613
229,83.8824,85.2258
230,83.8824,85.2581
231,84.1176,85.3226
232,84.1176,85.4194
233,84.1176,85.4194
234,84.1176,85.4194
235,84,85.4194
236,84.1176,85.4516
237,84.2353,85.4516
238,84.2353,85.5484
239,84.2353,85.5161
240,84.2353,85.5161
241,84.2353,85.5161
242,84.2353,85.5161
243,84.2353,85.5484
244,84.2353,85.5484
245,84.2353,85.5806
246,84.2353,85.5806
247,84.2353,85.6129
248,84.1176,85.6129
249,84.1176,85.6129
250,84.2353,85.6129
251,84.1176,85.6452
252,84.1176,85.6452
253,84.1176,85.6452
254,84.1176,85.7419
255,84.2353,85.8387
256,84.2353,85.8387
257,84.2353,85.9032
258,84.2353,85.9032
259,84.2353,85.8387
260,84.2353,85.8387
261,84.2353,85.871
262,84.2353,85.871
263,84.3529,85.871
264,84.3529,85.9032
265,84.4706,85.9032
266,84.5882,85.9677
267,84.5882,85.9677
268,84.5882,86.0323
269,84.7059,86.0968
270,84.7059,86.0968
271,84.7059,86.1613
272,84.7059,86.1935
273,84.7059,86.2581
274,84.7059,86.2581
275,84.7059,86.3226
276,84.7059,86.3226
277,84.8235,86.3871
278,84.8235,86.4516
279,84.8235,86.4839
280,84.8235,86.4839
281,84.8235,86.5484
282,84.8235,86.5484
283,84.8235,86.5484
284,84.8235,86.5484
285,84.9412,86.5484
286,85.0588,86.6129
287,85.0588,86.6129
288,85.0588,86.6452
289,85.0588,86.6452
290,85.0588,86.6774
291,85.0588,86.6774
292,85.1765,86.7097
293,85.1765,86.7419
294,85.1765,86.7742
295,85.1765,86.7742
296,85.1765,86.7742
297,85.1765,86.8387
298,85.1765,86.8387
299,85.1765,86.871
300,85.2941,86.871
301,85.2941,86.9355
302,85.2941,86.9355
303,85.2941,86.9677
304,85.2941,87
305,85.2941,87
306,85.2941,87.0323
307,85.4118,87.129
308,85.4118,87.1613
309,85.4118,87.1935
310,85.4118,87.2903
311,85.5294,87.3226
312,85.5294,87.3226
313,85.6471,87.3226
314,85.6471,87.3548
315,85.6471,87.4194
316,85.6471,87.4516
317,85.6471,87.4516
318,85.7647,87.4839
319,85.7647,87.4839
320,85.7647,87.5161
321,85.7647,87.5484
322,85.8824,87.5484
323,85.8824,87.5484
324,85.8824,87.5806
325,85.8824,87.6129
326,85.8824,87.6129
327,86,87.6129
328,85.8824,87.6452
329,85.8824,87.6774
330,85.8824,87.7097
331,85.8824,87.7097
332,85.8824,87.7742
333,85.8824,87.7742
334,85.8824,87.7742
335,85.8824,87.7742
336,85.7647,87.7742
337,85.7647,87.7742
338,85.7647,87.7742
339,85.7647,87.871
340,85.7647,87.871
341,85.7647,87.9355
342,85.7647,87.9677
343,85.7647,87.9677
344,85.7647,87.9355
345,85.7647,87.9355
346,85.7647,87.9355
347,85.8824,88
348,85.8824,88
349,85.8824,88.0323
350,86,88.0323
351,86,88.0645
352,86.1176,88.0645
353,86.1176,88.129
354,86.1176,88.129
355,86.2353,88.129
356,86.2353,88.129
357,86.2353,88.1613
358,86.2353,88.1935
359,86.3529,88.1935
360,86.3529,88.2258
361,86.3529,88.2258
362,86.3529,88.2258
363,86.3529,88.2258
364,86.4706,88.2581
365,86.4706,88.2903
366,86.4706,88.2903
367,86.4706,88.3548
368,86.4706,88.3548
369,86.4706,88.3548
370,86.7059,88.3548
371,86.7059,88.3548
372,86.7059,88.3871
373,86.7059,88.3871
374,86.7059,88.3871
375,86.8235,88.4516
376,86.8235,88.4516
377,86.8235,88.4516
378,86.8235,88.5161
379,86.8235,88.5484
380,86.8235,88.5484
381,86.8235,88.6452
382,86.8235,88.6129
383,86.8235,88.6129
384,86.8235,88.6129
385,86.8235,88.6774
386,86.7059,88.6774
387,86.7059,88.6452
388,86.7059,88.6452
389,86.7059,88.6774
390,86.7059,88.6774
391,86.8235,88.7097
392,86.8235,88.7097
393,86.8235,88.7097
394,86.8235,88.7419
395,86.8235,88.7419
396,86.8235,88.7419
397,86.8235,88.7419
398,86.8235,88.7742
399,86.8235,88.7742
400,86.8235,88.7419
401,86.8235,88.7097
402,86.9412,88.7097
403,86.9412,88.7097
404,86.9412,88.7097
405,86.9412,88.7419
406,86.9412,88.7097
407,86.9412,88.7419
408,86.9412,88.7742
409,86.9412,88.8387
410,86.9412,88.9032
411,86.9412,88.9355
412,87.0588,88.9677
413,87.0588,88.9677
414,87.0588,88.9677
415,87.0588,88.9677
416,87.0588,88.9677
417,87.0588,88.9677
418,87.0588,88.9677
419,87.0588,88.9677
420,87.1765,88.9677
421,87.1765,88.9677
422,87.1765,89
423,87.1765,89
424,87.1765,89
425,87.1765,88.9677
426,87.1765,88.9677
427,87.1765,88.9677
428,87.1765,88.9677
429,87.1765,89
430,87.1765,89
431,87.1765,89
432,87.2941,89
433,87.2941,89
434,87.2941,89
435,87.5294,89
436,87.5294,89
437,87.5294,89
438,87.5294,89
439,87.5294,89
440,87.5294,89
441,87.5294,88.9677
442,87.5294,88.9677
443,87.5294,88.9677
444,87.5294,89
445,87.4118,89
446,87.4118,89
447,87.4118,89
448,87.4118,89
449,87.4118,89
450,87.4118,89
451,87.5294,89
452,87.5294,89
453,87.5294,89
454,87.5294,89
455,87.5294,89.0323
456,87.5294,89.0323
457,87.5294,89.0645
458,87.5294,89.0323
459,87.5294,89.0323
460,87.5294,89.0323
461,87.4118,89.0323
462,87.4118,89.0323
463,87.4118,89.0323
464,87.4118,89.0323
465,87.4118,89.0645
466,87.4118,89.0968
467,87.4118,89.0968
468,87.4118,89.0968
469,87.4118,89.0968
470,87.4118,89.129
471,87.4118,89.1613
472,87.4118,89.1613
473,87.4118,89.1613
474,87.4118,89.1613
475,87.4118,89.1935
476,87.5294,89.1935
477,87.5294,89.1935
478,87.5294,89.1935
479,87.5294,89.1935
480,87.5294,89.2258
481,87.5294,89.2258
482,87.5294,89.2258
483,87.5294,89.2258
484,87.5294,89.2581
485,87.5294,89.2581
486,87.5294,89.2581
487,87.5294,89.2581
488,87.5294,89.2581
489,87.5294,89.2581
490,87.5294,89.2581
491,87.5294,89.2581
492,87.5294,89.2581
493,87.6471,89.2258
494,87.6471,89.2258
495,87.6471,89.2258
496,87.6471,89.2258
497,87.6471,89.2258
498,87.6471,89.2903
499,87.6471,89.2903
500,87.6471,89.2903
501,87.6471,89.3226
502,87.6471,89.3226
503,87.6471,89.3226
504,87.6471,89.3226
505,87.6471,89.3226
506,87.7647,89.2903
507,87.7647,89.2581
508,87.7647,89.2581
509,87.7647,89.2581
510,87.6471,89.2903
511,87.6471,89.3226
512,87.6471,89.3226
513,87.6471,89.3548
514,87.6471,89.3548
515,87.6471,89.3871
516,87.6471,89.3871
517,87.6471,89.3871
518,87.6471,89.3548
519,87.6471,89.3548
520,87.6471,89.3226
521,87.6471,89.3226
522,87.6471,89.3226
523,87.6471,89.4194
524,87.6471,89.4194
525,87.6471,89.4194
526,87.6471,89.4194
527,87.6471,89.4194
528,87.6471,89.4194
529,87.6471,89.4194
530,87.6471,89.4194
531,87.6471,89.4194
532,87.6471,89.4194
533,87.6471,89.4516
534,87.6471,89.4516
535,87.6471,89.4516
536,87.6471,89.4516
537,87.6471,89.4516
538,87.6471,89.4516
539,87.6471,89.4516
540,87.6471,89.4516
541,87.6471,89.4516
542,87.6471,89.4516
543,87.6471,89.4194
544,87.6471,89.4516
545,87.6471,89.4516
546,87.6471,89.4516
547,87.6471,89.4516
548,87.6471,89.4516
549,87.6471,89.4516
550,87.6471,89.4516
551,87.6471,89.4194
552,87.6471,89.4516
553,87.6471,89.4516
554,87.6471,89.4516
555,87.6471,89.4516
556,87.6471,89.4516
557,87.6471,89.4516
558,87.6471,89.4194
559,87.6471,89.4194
560,87.6471,89.4194
561,87.6471,89.3871
562,87.6471,89.3871
563,87.6471,89.3871
564,87.6471,89.3871
565,87.7647,89.3871
566,87.7647,89.3871
567,87.7647,89.4516
568,87.7647,89.4516
569,87.7647,89.4516
570,87.7647,89.4516
571,87.7647,89.4516
572,87.7647,89.4516
573,87.7647,89.4516
574,87.7647,89.4516
575,87.7647,89.4516
576,87.7647,89.4516
577,87.6471,89.4516
578,87.6471,89.4516
579,87.7647,89.4839
580,87.7647,89.4839
581,87.7647,89.4839
582,87.7647,89.5484
583,87.7647,89.5484
584,87.7647,89.5484
585,87.7647,89.5484
586,87.7647,89.5484
587,87.7647,89.5161
588,87.7647,89.5161
589,87.7647,89.5484
590,87.7647,89.5484
591,87.7647,89.5484
592,87.7647,89.5484
593,87.7647,89.5484
594,87.7647,89.5484
595,87.7647,89.5484
596,87.7647,89.5484
597,87.7647,89.5161
598,87.7647,89.5161
599,87.7647,89.5161
600,87.7647,89.5484
601,87.7647,89.5484
602,87.7647,89.5484
603,87.7647,89.5484
604,87.7647,89.5484
605,87.7647,89.5806
606,87.7647,89.5806
607,87.7647,89.5806
608,87.7647,89.5484
609,87.7647,89.5484
610,87.7647,89.5484
611,87.7647,89.5484
612,87.7647,89.5484
613,87.7647,89.5484
614,87.7647,89.5484
615,87.7647,89.5484
616,87.7647,89.5484
617,87.7647,89.5806
618,87.7647,89.5484
619,87.7647,89.5484
620,87.7647,89.5484
621,87.7647,89.5484
622,87.7647,89.5484
623,87.7647,89.5484
624,87.7647,89.5806
625,87.7647,89.6129
626,87.7647,89.6129
627,87.7647,89.6129
628,87.7647,89.6129
629,87.7647,89.6129
630,87.7647,89.6129
631,87.7647,89.5806
632,87.7647,89.5806
633,87.7647,89.5806
634,87.7647,89.5806
635,87.7647,89.5806
636,87.7647,89.5806
637,87.7647,89.5806
638,87.8824,89.5806
639,87.8824,89.6129
640,87.8824,89.6129
641,87.8824,89.6129
642,87.8824,89.6452
643,87.8824,89.6452
644,87.8824,89.6452
645,87.8824,89.6452
646,87.8824,89.6452
647,87.8824,89.6452
648,87.8824,89.6452
649,87.8824,89.6452
650,88,89.6452
651,88,89.6452
652,88,89.6452
653,88,89.6452
654,88,89.6452
655,88,89.6774
656,88,89.6774
657,88,89.6774
658,88,89.6774
659,88,89.6774
660,88,89.7097
661,88,89.7097
662,88,89.7097
663,88,89.7097
664,88,89.7419
665,88,89.7419
666,88,89.7419
667,88,89.7419
668,88,89.7742
669,88,89.7742
670,88,89.7742
671,88,89.7742
672,88,89.7742
673,88,89.7742
674,88,89.8065
675,88,89.8065
676,88,89.8065
677,88,89.8065
678,88,89.8065
679,88,89.8065
680,88,89.8065
681,88,89.8065
682,88,89.8065
683,88,89.8065
684,88,89.8065
685,88,89.8065
686,88,89.8065
687,88,89.8387
688,88,89.8387
689,88,89.8065
690,88,89.8387
691,88,89.8387
692,88,89.8387
693,88,89.8387
694,88,89.8387
695,88.1176,89.8387
696,88.1176,89.8387
697,88.1176,89.8387
698,88.1176,89.8387
699,88.1176,89.8065
700,88.1176,89.8065
701,88.1176,89.8387
702,88.1176,89.8387
703,88.1176,89.871
704,88.1176,89.871
705,88.1176,89.871
706,88.2353,89.871
707,88.2353,89.871
708,88.2353,89.9032
709,88.2353,89.9032
710,88.2353,89.9032
711,88.2353,89.9032
712,88.2353,89.9032
713,88.2353,89.9032
714,88.2353,89.9032
715,88.2353,89.9032
716,88.2353,89.9032
717,88.2353,89.9032
718,88.2353,89.9032
719,88.2353,89.9032
720,88.2353,89.9032
721,88.2353,89.9355
722,88.2353,89.9355
723,88.2353,89.9355
724,88.2353,89.9355
725,88.2353,89.9677
726,88.2353,89.9677
727,88.2353,89.9677
728,88.2353,89.9677
729,88.2353,89.9677
730,88.2353,89.9677
731,88.2353,90
732,88.2353,90
733,88.1176,90
734,88.1176,90.0323
735,88.1176,90.0645
736,88.1176,90.0645
737,88.1176,90.0645
738,88.1176,90.0645
739,88.1176,90.0645
740,88.1176,90.0645
741,88.1176,90.0645
742,88.1176,90.0645
743,88.1176,90.0645
744,88.1176,90.0645
745,88,90.0645
746,88,90.0645
747,88,90.0645
748,88,90.0645
749,88,90.0645
750,88,90.0645
751,88,90.0645
752,88,90.0968
753,88,90.0968
754,88,90.0968
755,88,90.0968
756,88,90.129
757,88,90.129
758,88,90.129
759,88,90.0968
760,88,90.129
761,88,90.129
762,88,90.0968
763,88,90.0968
764,88,90.0968
765,88,90.0968
766,88,90.129
767,88,90.1613
768,88,90.1613
769,88,90.1613
770,88,90.1935
771,88,90.1935
772,88,90.1935
773,88.1176,90.2258
774,88.1176,90.2258
775,88.1176,90.2258
776,88.1176,90.2258
777,88.1176,90.2258
778,88.1176,90.2258
779,88.1176,90.2258
780,88.1176,90.2258
781,88.1176,90.2581
782,88.1176,90.2581
783,88.1176,90.2581
784,88.1176,90.2581
785,88.1176,90.2581
786,88.1176,90.2903
787,88.1176,90.2903
788,88.1176,90.2903
789,88.1176,90.2903
790,88.1176,90.2903
791,88.1176,90.2903
792,88.1176,90.2903
793,88.1176,90.2903
794,88.1176,90.2903
795,88.1176,90.2581
796,88.1176,90.2903
797,88.1176,90.2903
798,88.1176,90.2903
799,88.1176,90.2903
800,88.1176,90.2903
801,88.1176,90.2903
802,88.1176,90.2903
803,88.1176,90.2903
804,88.1176,90.2903
805,88.1176,90.2903
806,88.1176,90.2903
807,88.1176,90.2581
808,88.1176,90.2581
809,88.1176,90.3226
810,88.1176,90.3226
811,88.1176,90.3226
812,88.1176,90.3226
813,88.1176,90.3226
814,88.1176,90.3226
815,88.1176,90.3226
816,88.1176,90.3226
817,88.1176,90.3226
818,88.1176,90.3226
819,88.1176,90.3226
820,88.2353,90.3226
821,88.2353,90.3226
822,88.2353,90.3226
823,88.2353,90.3226
824,88.2353,90.2903
825,88.2353,90.2903
826,88.2353,90.2903
827,88.2353,90.2903
828,88.2353,90.2903
829,88.2353,90.2903
830,88.2353,90.2903
831,88.2353,90.2903
832,88.3529,90.2903
833,88.3529,90.3226
834,88.3529,90.3226
835,88.3529,90.3226
836,88.3529,90.3548
837,88.3529,90.3548
838,88.3529,90.3548
839,88.3529,90.3548
840,88.3529,90.3548
841,88.3529,90.3548
842,88.3529,90.3548
843,88.3529,90.3226
844,88.3529,90.2903
845,88.3529,90.3226
846,88.3529,90.3226
847,88.3529,90.3226
848,88.3529,90.3226
849,88.3529,90.3548
850,88.4706,90.3548
851,88.4706,90.3226
852,88.4706,90.3226
853,88.4706,90.3226
854,88.4706,90.3226
855,88.4706,90.3226
856,88.4706,90.3226
857,88.4706,90.3226
858,88.4706,90.3226
859,88.4706,90.3548
860,88.4706,90.3548
861,88.4706,90.3548
862,88.4706,90.3548
863,88.4706,90.3548
864,88.4706,90.3871
865,88.4706,90.3871
866,88.4706,90.3871
867,88.4706,90.3871
868,88.4706,90.3871
869,88.4706,90.3871
870,88.4706,90.3871
871,88.4706,90.3871
872,88.4706,90.3871
873,88.4706,90.3871
874,88.4706,90.3871
875,88.4706,90.3871
876,88.3529,90.3871
877,88.3529,90.3871
878,88.3529,90.3871
879,88.3529,90.3871
880,88.3529,90.3871
881,88.3529,90.3871
882,88.3529,90.3871
883,88.3529,90.3548
884,88.3529,90.3548
885,88.3529,90.3548
886,88.3529,90.3548
887,88.3529,90.3548
888,88.3529,90.3548
889,88.3529,90.3548
890,88.3529,90.3548
891,88.3529,90.3548
892,88.3529,90.3548
893,88.3529,90.3548
894,88.3529,90.3548
895,88.3529,90.3871
896,88.3529,90.3871
897,88.3529,90.4194
898,88.3529,90.3871
899,88.3529,90.3871
900,88.4706,90.3871
901,88.4706,90.3871
902,88.4706,90.4194
903,88.4706,90.4194
904,88.4706,90.4516
905,88.4706,90.4516
906,88.4706,90.4516
907,88.4706,90.4516
908,88.4706,90.4194
909,88.4706,90.4194
910,88.4706,90.4194
911,88.4706,90.4194
912,88.4706,90.4516
913,88.4706,90.4516
914,88.4706,90.4516
915,88.4706,90.4516
916,88.4706,90.4839
917,88.4706,90.4839
918,88.4706,90.4839
919,88.4706,90.4839
920,88.4706,90.4839
921,88.4706,90.4839
922,88.4706,90.5161
923,88.4706,90.5161
924,88.4706,90.5161
925,88.4706,90.5161
926,88.4706,90.5161
927,88.4706,90.5161
928,88.4706,90.5161
929,88.4706,90.5161
930,88.4706,90.5161
931,88.4706,90.5161
932,88.4706,90.5161
933,88.4706,90.5484
934,88.4706,90.5161
935,88.4706,90.5161
936,88.4706,90.5161
937,88.4706,90.5161
938,88.4706,90.5161
939,88.4706,90.5161
940,88.4706,90.5161
941,88.4706,90.5161
942,88.3529,90.5161
943,88.3529,90.5484
944,88.3529,90.5484
945,88.3529,90.5484
946,88.3529,90.5484
947,88.3529,90.5484
948,88.3529,90.5484
949,88.3529,90.5484
950,88.3529,90.5484
951,88.3529,90.5484
952,88.3529,90.5484
953,88.3529,90.5484
954,88.3529,90.5484
955,88.3529,90.5484
956,88.3529,90.5806
957,88.3529,90.5806
958,88.3529,90.5806
959,88.3529,90.5806
960,88.3529,90.5806
961,88.3529,90.5806
962,88.3529,90.5806
963,88.4706,90.5484
964,88.4706,90.5484
965,88.4706,90.5484
966,88.4706,90.5484
967,88.4706,90.5806
968,88.4706,90.5806
969,88.4706,90.5806
970,88.4706,90.5806
971,88.5882,90.5806
972,88.5882,90.5806
973,88.5882,90.5806
974,88.5882,90.5806
975,88.5882,90.6129
976,88.5882,90.6129
977,88.5882,90.6774
978,88.5882,90.6774
979,88.5882,90.6774
980,88.7059,90.6774
981,88.7059,90.7097
982,88.7059,90.7097
983,88.7059,90.7097
984,88.7059,90.7097
985,88.7059,90.7419
986,88.7059,90.7419
987,88.8235,90.7742
988,88.8235,90.7742
989,88.8235,90.7742
990,88.8235,90.7742
991,88.8235,90.7742
992,88.8235,90.7742
993,88.8235,90.7742
994,88.8235,90.7742
995,88.8235,90.7742
996,88.8235,90.7742
997,88.8235,90.7742
998,88.8235,90.7742
999,88.8235,90.7742
1000,88.8235,90.7742
1001,88.8235,90.7742
1002,88.8235,90.7742
1003,88.8235,90.7742
1004,88.8235,90.7742
1005,88.8235,90.7742
1006,88.8235,90.7742
1007,88.8235,90.7742
1008,88.8235,90.7742
1009,88.8235,90.7742
1010,88.8235,90.8065
1011,88.8235,90.8065
1012,88.8235,90.8065
1013,88.8235,90.8065
1014,88.8235,90.8065
1015,88.8235,90.8065
1016,88.8235,90.8065
1017,88.8235,90.8065
1018,88.8235,90.8065
1019,88.8235,90.8065
1020,88.8235,90.8065
1021,88.8235,90.8065
1022,88.8235,90.8387
1023,88.8235,90.8387
1024,88.8235,90.8387
1025,88.8235,90.8387
1026,88.8235,90.8387
1027,88.8235,90.8387
1028,88.8235,90.8387
1029,88.8235,90.8387
1030,88.8235,90.8387
1031,88.8235,90.8387
1032,88.8235,90.871
1033,88.8235,90.871
1034,88.8235,90.871
1035,88.8235,90.871
1036,88.8235,90.9032
1037,88.8235,90.9355
1038,88.8235,90.9355
1039,88.8235,90.9355
1040,88.8235,90.9355
1041,88.8235,90.9355
1042,88.8235,90.9677
1043,88.8235,90.9677
1044,88.9412,90.9677
1045,88.9412,90.9677
1046,88.9412,90.9677
1047,88.9412,90.9677
1048,88.9412,90.9677
1049,88.9412,90.9677
1050,88.9412,91
1051,88.9412,91
1052,88.9412,91
1053,88.9412,91
1054,88.9412,91
1055,88.9412,91
1056,88.9412,91
1057,88.9412,91
1058,88.9412,90.9677
1059,88.9412,91
1060,88.9412,90.9677
1061,88.9412,90.9677
1062,88.9412,90.9677
1063,88.9412,90.9677
1064,88.9412,90.9677
1065,88.9412,90.9677
1066,88.9412,90.9677
1067,88.9412,90.9677
1068,88.9412,90.9355
1069,88.9412,90.9355
1070,88.9412,90.9355
1071,88.9412,90.9355
1072,89.0588,90.9355
1073,89.0588,90.9355
1074,89.0588,90.9355
1075,89.0588,90.9355
1076,89.0588,90.9355
1077,89.0588,91
1078,89.0588,91.0645
1079,89.0588,91.0645
1080,89.0588,91.0968
1081,89.0588,91.0968
1082,89.0588,91.0968
1083,89.0588,91.0968
1084,89.0588,91.0968
1085,89.0588,91.0968
1086,89.0588,91.0968
1087,89.0588,91.129
1088,89.0588,91.1613
1089,89.0588,91.1613
1090,89.0588,91.1613
1091,89.0588,91.1613
1092,89.0588,91.1613
1093,89.0588,91.1613
1094,89.0588,91.1613
1095,89.0588,91.1613
1096,89.0588,91.1613
1097,89.0588,91.1935
1098,89.0588,91.1935
1099,89.0588,91.1935
1100,89.0588,91.1935
1101,89.0588,91.1935
1102,89.0588,91.1935
1103,89.0588,91.1935
1104,89.0588,91.2258
1105,89.0588,91.2258
1106,89.0588,91.2258
1107,89.0588,91.2258
1108,89.0588,91.2258
1109,89.0588,91.2258
1110,89.0588,91.2581
1111,89.0588,91.2581
1112,89.0588,91.2903
1113,89.0588,91.2903
1114,89.0588,91.2903
1115,89.0588,91.2903
1116,89.0588,91.2903
1117,89.0588,91.2903
1118,89.0588,91.3226
1119,89.0588,91.3548
1120,89.0588,91.3548
1121,89.0588,91.3548
1122,89.0588,91.3548
1123,89.0588,91.3548
1124,89.0588,91.3548
1125,89.0588,91.3548
1126,89.0588,91.3548
1127,89.0588,91.3548
1128,89.0588,91.3548
1129,89.0588,91.3548
1130,89.0588,91.3548
1131,89.0588,91.3548
1132,89.0588,91.3548
1133,89.0588,91.3548
1134,89.0588,91.3871
1135,89.0588,91.4194
1136,89.0588,91.4194
1137,89.0588,91.4194
1138,89.0588,91.4194
1139,89.0588,91.4194
1140,89.0588,91.4516
1141,89.0588,91.4516
1142,89.0588,91.4516
1143,89.0588,91.4516
1144,89.0588,91.4516
1145,89.0588,91.4516
1146,89.0588,91.4516
1147,89.0588,91.4516
1148,89.0588,91.4839
1149,89.0588,91.4839
1150,89.0588,91.4839
1151,89.0588,91.4839
1152,89.0588,91.4839
1153,89.0588,91.4839
1154,89.0588,91.4839
1155,89.0588,91.5161
1156,89.0588,91.5161
1157,89.0588,91.5161
1158,89.0588,91.5161
1159,89.0588,91.5161
1160,89.0588,91.5161
1161,89.0588,91.5161
1162,89.0588,91.5161
1163,89.0588,91.5161
1164,89.0588,91.5161
1165,89.0588,91.5161
1166,89.0588,91.5484
1167,89.0588,91.5484
1168,89.0588,91.5484
1169,89.0588,91.5484
1170,89.0588,91.5484
1171,89.0588,91.5484
1172,89.0588,91.5484
1173,89.1765,91.5484
1174,89.1765,91.5484
1175,89.1765,91.5484
1176,89.1765,91.5484
1177,89.1765,91.5484
1178,89.1765,91.5484
1179,89.1765,91.5484
1180,89.1765,91.5806
1181,89.2941,91.5806
1182,89.2941,91.5806
1183,89.2941,91.5806
1184,89.2941,91.5806
1185,89.2941,91.5806
1186,89.2941,91.5806
1187,89.2941,91.5806
1188,89.2941,91.5806
1189,89.2941,91.5806
1190,89.2941,91.5806
1191,89.2941,91.5806
1192,89.2941,91.5806
1193,89.2941,91.5806
1194,89.2941,91.5806
1195,89.2941,91.5806
1196,89.2941,91.5806
1197,89.2941,91.5806
1198,89.2941,91.6129
1199,89.2941,91.6129
1200,89.2941,91.6129
1201,89.2941,91.5806
1202,89.2941,91.5806
1203,89.2941,91.5806
1204,89.2941,91.5484
1205,89.2941,91.5484
1206,89.2941,91.5484
1207,89.2941,91.5484
1208,89.2941,91.5484
1209,89.2941,91.5484
1210,89.2941,91.5484
1211,89.2941,91.5484
1212,89.2941,91.5484
1213,89.2941,91.5484
1214,89.2941,91.5484
1215,89.2941,91.5484
1216,89.2941,91.5484
1217,89.2941,91.5484
1218,89.2941,91.5484
1219,89.2941,91.5484
1220,89.2941,91.5484
1221,89.2941,91.5484
1222,89.2941,91.5484
1223,89.2941,91.5484
1224,89.2941,91.5484
1225,89.2941,91.5484
1226,89.2941,91.5484
1227,89.2941,91.5484
1228,89.2941,91.5484
1229,89.2941,91.5484
1230,89.2941,91.5484
1231,89.2941,91.5484
1232,89.2941,91.5484
1233,89.2941,91.5484
1234,89.2941,91.5484
1235,89.2941,91.5484
1236,89.2941,91.5484
1237,89.2941,91.5484
1238,89.2941,91.5484
1239,89.2941,91.5484
1240,89.2941,91.5484
1241,89.2941,91.5484
1242,89.2941,91.5484
1243,89.2941,91.5484
1244,89.2941,91.5484
1245,89.2941,91.5484
1246,89.2941,91.5484
1247,89.2941,91.5484
1248,89.4118,91.5484
1249,89.4118,91.5806
1250,89.4118,91.5806
1251,89.4118,91.6129
1252,89.4118,91.6129
1253,89.4118,91.6452
1254,89.4118,91.6452
1255,89.4118,91.6774
1256,89.4118,91.6774
1257,89.4118,91.6774
1258,89.4118,91.6774
1259,89.4118,91.6774
1260,89.4118,91.6774
1261,89.4118,91.6774
1262,89.4118,91.6774
1263,89.4118,91.6774
1264,89.4118,91.6774
1265,89.4118,91.6774
1266,89.4118,91.6774
1267,89.4118,91.6774
1268,89.4118,91.6774
1269,89.4118,91.6774
1270,89.4118,91.6774
1271,89.4118,91.6774
1272,89.4118,91.6774
1273,89.4118,91.6774
1274,89.4118,91.6774
1275,89.4118,91.6774
1276,89.4118,91.6774
1277,89.4118,91.6774
1278,89.4118,91.6774
1279,89.4118,91.6774
1280,89.4118,91.6774
1281,89.4118,91.6774
1282,89.4118,91.7097
1283,89.5294,91.7097
1284,89.5294,91.7097
1285,89.5294,91.7097
1286,89.5294,91.7097
1287,89.5294,91.7097
1288,89.5294,91.7097
1289,89.5294,91.7097
1290,89.5294,91.7097
1291,89.5294,91.7097
1292,89.5294,91.7097
1293,89.5294,91.7097
1294,89.5294,91.7097
1295,89.5294,91.7097
1296,89.5294,91.7097
1297,89.5294,91.7097
1298,89.5294,91.7097
1299,89.5294,91.7097
1300,89.5294,91.7097
1301,89.5294,91.7419
1302,89.5294,91.7419
1303,89.5294,91.7419
1304,89.5294,91.7419
1305,89.5294,91.7419
1306,89.5294,91.7419
1307,89.5294,91.7419
1308,89.5294,91.7742
1309,89.5294,91.7742
1310,89.5294,91.7742
1311,89.5294,91.7742
1312,89.5294,91.7742
1313,89.5294,91.7742
1314,89.5294,91.7742
1315,89.5294,91.7742
1316,89.5294,91.7742
1317,89.5294,91.7742
1318,89.5294,91.8065
1319,89.5294,91.8065
1320,89.5294,91.8065
1321,89.5294,91.8065
1322,89.5294,91.8065
1323,89.5294,91.8065
1324,89.5294,91.8065
1325,89.5294,91.8065
1326,89.5294,91.8065
1327,89.5294,91.8065
1328,89.5294,91.8065
1329,89.5294,91.8387
1330,89.5294,91.8387
1331,89.5294,91.8387
1332,89.5294,91.8387
1333,89.5294,91.8387
1334,89.5294,91.8387
1335,89.5294,91.8387
1336,89.5294,91.8387
1337,89.5294,91.8387
1338,89.5294,91.8387
1339,89.5294,91.8387
1340,89.5294,91.8065
1341,89.5294,91.8065
1342,89.5294,91.8065
1343,89.5294,91.7742
1344,89.5294,91.7742
1345,89.5294,91.7742
1346,89.5294,91.8065
1347,89.5294,91.8065
1348,89.6471,91.8065
1349,89.6471,91.8065
1350,89.6471,91.8065
1351,89.6471,91.8065
1352,89.6471,91.8065
1353,89.6471,91.8065
1354,89.6471,91.8065
1355,89.6471,91.8065
1356,89.6471,91.8065
1357,89.6471,91.8065
1358,89.6471,91.8065
1359,89.6471,91.8065
1360,89.6471,91.8387
1361,89.6471,91.8387
1362,89.6471,91.8387
1363,89.6471,91.9032
1364,89.6471,91.9032
1365,89.6471,91.9355
1366,89.6471,91.9355
1367,89.6471,91.9355
1368,89.6471,91.9355
1369,89.6471,91.9355
1370,89.6471,91.9355
1371,89.6471,91.9355
1372,89.6471,91.9355
1373,89.6471,91.9355
1374,89.6471,91.9677
1375,89.6471,91.9677
1376,89.6471,91.9677
1377,89.6471,91.9677
1378,89.6471,91.9677
1379,89.6471,91.9677
1380,89.6471,91.9677
1381,89.6471,91.9677
1382,89.6471,91.9677
1383,89.6471,91.9677
1384,89.6471,92
1385,89.6471,92.0323
1386,89.6471,92.0323
1387,89.6471,92.0323
1388,89.6471,92.0323
1389,89.6471,92.0323
1390,89.6471,92.0323
1391,89.6471,92.0323
1392,89.6471,92.0323
1393,89.6471,92.0323
1394,89.6471,92.0323
1395,89.6471,92.0323
1396,89.6471,92.0323
1397,89.6471,92.0323
1398,89.7647,92.0323
1399,89.7647,92.0323
1400,89.7647,92.0323
1401,89.7647,92.0323
1402,89.7647,92.0323
1403,89.7647,92.0323
1404,89.7647,92.0323
1405,89.8824,92.0323
1406,89.8824,92.0323
1407,89.8824,92.0323
1408,89.8824,92.0323
1409,89.8824,92.0323
1410,90,92.0645
1411,90,92.0645
1412,90,92.0645
1413,90,92.0645
1414,90,92.0645
1415,90,92.0645
1416,90,92.0645
1417,90,92.0645
1418,90,92.0645
1419,90,92.0968
1420,90,92.129
1421,90,92.129
1422,90,92.0968
1423,90,92.0968
1424,90,92.0968
1425,90,92.0968
1426,90,92.0968
1427,90,92.0968
1428,90,92.0968
1429,90,92.0968
1430,90,92.0968
1431,90,92.0968
1432,90,92.0968
1433,90,92.129
1434,90,92.129
1435,90,92.129
1436,90,92.129
1437,90,92.129
1438,90,92.129
1439,90,92.129
1440,90,92.129
1441,90,92.129
1442,90,92.129
1443,90,92.129
1444,90,92.129
1445,90,92.129
1446,90,92.129
1447,90,92.1613
1448,90,92.1613
1449,90,92.1613
1450,90,92.1613
1451,90,92.1613
1452,90,92.1935
1453,90,92.1935
1454,90,92.1935
1455,90,92.1935
1456,90,92.1935
1457,90,92.1935
1458,90,92.1935
1459,90,92.1935
1460,90,92.1935
1461,90,92.1935
1462,90,92.1935
1463,90,92.1935
1464,90,92.2258
1465,90,92.2258
1466,90,92.2258
1467,90,92.2258
1468,90,92.2258
1469,90,92.2258
1470,90,92.2258
1471,90,92.2258
1472,90,92.2258
1473,90,92.2258
1474,90,92.2258
1475,90,92.2258
1476,90,92.2258
1477,90,92.2258
1478,90,92.2258
1479,90,92.2258
1480,90,92.2258
1481,90,92.2258
1482,90,92.2258
1483,90,92.2258
1484,90,92.2581
1485,90,92.2581
1486,90,92.2581
1487,90,92.2581
1488,90,92.2581
1489,90,92.2581
1490,90,92.2581
1491,90.1176,92.2581
1492,90.1176,92.2581
1493,90.1176,92.2581
1494,90.1176,92.2581
1495,90.1176,92.2581
1496,90.1176,92.2581
1497,90.1176,92.2581
1498,90.1176,92.2581
1499,90.1176,92.2581
1500,90.1176,92.2258
1501,90.1176,92.2258
1502,90.1176,92.2258
1503,90.1176,92.2258
1504,90.1176,92.2258
1505,90.1176,92.2258
1506,90.1176,92.2258
1507,90.1176,92.2258
1508,90.1176,92.2258
1509,90.1176,92.2258
1510,90.1176,92.2258
1511,90.1176,92.2258
1512,90.1176,92.2258
1513,90.1176,92.2258
1514,90.1176,92.2258
1515,90.1176,92.2258
1516,90.1176,92.2258
1517,90.1176,92.2258
1518,90.1176,92.2258
1519,90.1176,92.2258
1520,90.1176,92.2258
1521,90.1176,92.2258
1522,90.1176,92.2258
1523,90.1176,92.2258
1524,90.1176,92.2581
1525,90.1176,92.2581
1526,90.1176,92.2581
1527,90.1176,92.2581
1528,90.1176,92.2581
1529,90.1176,92.2581
1530,90.1176,92.2581
1531,90.1176,92.2581
1532,90.1176,92.2258
1533,90.1176,92.1935
1534,90.1176,92.1935
1535,90.1176,92.1935
1536,90.1176,92.2258
1537,90.1176,92.2258
1538,90.1176,92.2258
1539,90.1176,92.2581
1540,90.1176,92.2581
1541,90.1176,92.2581
1542,90.2353,92.2581
1543,90.2353,92.2581
1544,90.2353,92.2581
1545,90.2353,92.2581
1546,90.2353,92.2581
1547,90.2353,92.2581
1548,90.2353,92.2581
1549,90.2353,92.2581
1550,90.2353,92.2581
1551,90.2353,92.2581
1552,90.2353,92.2581
1553,90.2353,92.2581
1554,90.1176,92.2581
1555,90.1176,92.2581
1556,90.1176,92.2581
1557,90.1176,92.2581
1558,90.1176,92.2581
1559,90.1176,92.2581
1560,90.1176,92.2581
1561,90.1176,92.2581
1562,90.1176,92.2581
1563,90.1176,92.2581
1564,90.1176,92.2581
1565,90.1176,92.2581
1566,90.1176,92.2581
1567,90.1176,92.2581
1568,90.2353,92.2581
1569,90.2353,92.2581
1570,90.2353,92.2581
1571,90.2353,92.2581
1572,90.2353,92.2581
1573,90.2353,92.2581
1574,90.2353,92.2581
1575,90.2353,92.2581
1576,90.2353,92.2581
1577,90.2353,92.2581
1578,90.2353,92.2581
1579,90.2353,92.2581
1580,90.2353,92.2581
1581,90.2353,92.2581
1582,90.2353,92.2581
1583,90.2353,92.2581
1584,90.2353,92.2581
1585,90.2353,92.2581
1586,90.2353,92.2581
1587,90.2353,92.2581
1588,90.2353,92.2581
1589,90.2353,92.2581
1590,90.2353,92.2581
1591,90.2353,92.2581
1592,90.2353,92.2581
1593,90.2353,92.2581
1594,90.2353,92.2581
1595,90.2353,92.2581
1596,90.2353,92.2581
1597,90.2353,92.2581
1598,90.2353,92.2581
1599,90.2353,92.2581
1600,90.2353,92.2581
1601,90.2353,92.2581
1602,90.2353,92.2581
1603,90.2353,92.2581
1604,90.2353,92.2581
1605,90.2353,92.2581
1606,90.2353,92.2903
1607,90.2353,92.2903
1608,90.2353,92.2903
1609,90.2353,92.2903
1610,90.2353,92.2903
1611,90.2353,92.2903
1612,90.2353,92.2903
1613,90.2353,92.2903
1614,90.2353,92.2903
1615,90.3529,92.2903
1616,90.3529,92.2903
1617,90.3529,92.2903
1618,90.3529,92.2903
1619,90.3529,92.2903
1620,90.3529,92.2903
1621,90.3529,92.2903
1622,90.3529,92.2903
1623,90.3529,92.2903
1624,90.3529,92.2903
1625,90.3529,92.2903
1626,90.3529,92.2903
1627,90.3529,92.2903
1628,90.3529,92.2903
1629,90.3529,92.2903
1630,90.3529,92.2903
1631,90.3529,92.2903
1632,90.3529,92.2903
1633,90.3529,92.2903
1634,90.3529,92.2903
1635,90.3529,92.2903
1636,90.2353,92.2903
1637,90.2353,92.2903
1638,90.2353,92.2903
1639,90.2353,92.2903
1640,90.2353,92.2903
1641,90.2353,92.3226
1642,90.2353,92.3226
1643,90.2353,92.3226
1644,90.2353,92.3226
1645,90.2353,92.3226
1646,90.2353,92.3226
1647,90.2353,92.3226
1648,90.2353,92.3226
1649,90.2353,92.3226
1650,90.2353,92.3226
1651,90.2353,92.3226
1652,90.2353,92.3226
1653,90.2353,92.3548
1654,90.2353,92.3548
1655,90.2353,92.3548
1656,90.2353,92.4194
1657,90.2353,92.4194
1658,90.2353,92.4194
1659,90.2353,92.4194
1660,90.2353,92.4194
1661,90.2353,92.4194
1662,90.2353,92.4516
1663,90.2353,92.4516
1664,90.2353,92.4516
1665,90.2353,92.4516
1666,90.2353,92.4516
1667,90.2353,92.4516
1668,90.2353,92.4516
1669,90.2353,92.4516
1670,90.2353,92.4516
1671,90.2353,92.4516
1672,90.2353,92.4516
1673,90.2353,92.4839
1674,90.3529,92.4839
1675,90.3529,92.5161
1676,90.3529,92.5161
1677,90.3529,92.5161
1678,90.3529,92.5161
1679,90.3529,92.5161
1680,90.3529,92.5161
1681,90.3529,92.5161
1682,90.3529,92.5161
1683,90.3529,92.5161
1684,90.3529,92.5161
1685,90.3529,92.5161
1686,90.3529,92.5161
1687,90.3529,92.5161
1688,90.3529,92.5161
1689,90.3529,92.5161
1690,90.3529,92.5161
1691,90.3529,92.5161
1692,90.3529,92.5161
1693,90.3529,92.5161
1694,90.3529,92.5484
1695,90.3529,92.5484
1696,90.3529,92.5484
1697,90.3529,92.5484
1698,90.3529,92.5484
1699,90.3529,92.5484
1700,90.3529,92.5484
1701,90.3529,92.5484
1702,90.3529,92.5484
1703,90.3529,92.5484
1704,90.3529,92.5484
1705,90.3529,92.5484
1706,90.3529,92.5484
1707,90.3529,92.5484
1708,90.3529,92.5484
1709,90.3529,92.5484
1710,90.3529,92.5484
1711,90.3529,92.5484
1712,90.3529,92.5484
1713,90.3529,92.5806
1714,90.3529,92.5806
1715,90.3529,92.5806
1716,90.3529,92.5806
1717,90.3529,92.5806
1718,90.3529,92.5806
1719,90.3529,92.5806
1720,90.3529,92.5806
1721,90.3529,92.5806
1722,90.3529,92.5806
1723,90.3529,92.5806
1724,90.3529,92.5806
1725,90.3529,92.5806
1726,90.3529,92.5806
1727,90.3529,92.5806
1728,90.3529,92.5806
1729,90.3529,92.5806
1730,90.3529,92.5806
1731,90.3529,92.5806
1732,90.3529,92.5806
1733,90.3529,92.6129
1734,90.3529,92.6129
1735,90.3529,92.6129
1736,90.3529,92.6129
1737,90.3529,92.6129
1738,90.3529,92.6129
1739,90.3529,92.6129
1740,90.3529,92.6129
1741,90.3529,92.6129
1742,90.3529,92.6452
1743,90.3529,92.6452
1744,90.3529,92.6452
1745,90.3529,92.6129
1746,90.3529,92.6129
1747,90.3529,92.6129
1748,90.3529,92.6129
1749,90.3529,92.6129
1750,90.3529,92.6129
1751,90.3529,92.6129
1752,90.3529,92.6129
1753,90.3529,92.6129
1754,90.3529,92.6129
1755,90.3529,92.6129
1756,90.3529,92.6129
1757,90.3529,92.6129
1758,90.4706,92.6129
1759,90.4706,92.6129
1760,90.4706,92.6129
1761,90.4706,92.6129
1762,90.4706,92.6129
1763,90.4706,92.6129
1764,90.4706,92.6129
1765,90.4706,92.6129
1766,90.4706,92.6129
1767,90.4706,92.6452
1768,90.4706,92.6452
1769,90.4706,92.6452
1770,90.4706,92.6452
1771,90.4706,92.6452
1772,90.4706,92.6452
1773,90.4706,92.6452
1774,90.4706,92.6452
1775,90.5882,92.6452
1776,90.5882,92.6452
1777,90.5882,92.6774
1778,90.5882,92.6774
1779,90.5882,92.6774
1780,90.5882,92.6774
1781,90.5882,92.6774
1782,90.5882,92.6774
1783,90.5882,92.6774
1784,90.5882,92.6774
1785,90.5882,92.6774
1786,90.5882,92.6774
1787,90.5882,92.6774
1788,90.5882,92.6774
1789,90.5882,92.6774
1790,90.5882,92.6774
1791,90.5882,92.6774
1792,90.5882,92.6774
1793,90.5882,92.6774
1794,90.5882,92.6774
1795,90.5882,92.6774
1796,90.5882,92.7097
1797,90.5882,92.7097
1798,90.5882,92.7097
1799,90.5882,92.7097
1800,90.5882,92.7097
1801,90.5882,92.7097
1802,90.5882,92.7097
1803,90.5882,92.7097
1804,90.5882,92.7097
1805,90.5882,92.7097
1806,90.5882,92.7097
1807,90.5882,92.7097
1808,90.5882,92.7097
1809,90.5882,92.7097
1810,90.5882,92.7097
1811,90.5882,92.7097
1812,90.5882,92.7097
1813,90.5882,92.7419
1814,90.5882,92.7419
1815,90.5882,92.7419
1816,90.5882,92.7419
1817,90.5882,92.8065
1818,90.5882,92.8065
1819,90.5882,92.8387
1820,90.5882,92.8387
1821,90.5882,92.8387
1822,90.5882,92.8387
1823,90.5882,92.8387
1824,90.5882,92.8387
1825,90.5882,92.8387
1826,90.5882,92.8387
1827,90.5882,92.8387
1828,90.5882,92.8387
1829,90.5882,92.871
1830,90.5882,92.871
1831,90.5882,92.871
1832,90.5882,92.871
1833,90.5882,92.871
1834,90.5882,92.871
1835,90.5882,92.871
1836,90.5882,92.871
1837,90.5882,92.871
1838,90.5882,92.871
1839,90.5882,92.871
1840,90.7059,92.871
1841,90.7059,92.871
1842,90.7059,92.871
1843,90.7059,92.871
1844,90.7059,92.871
1845,90.7059,92.9032
1846,90.7059,92.9032
1847,90.7059,92.9032
1848,90.7059,92.9032
1849,90.7059,92.9032
1850,90.7059,92.9355
1851,90.7059,92.9355
1852,90.7059,92.9355
1853,90.7059,92.9355
1854,90.7059,92.9355
1855,90.7059,92.9355
1856,90.7059,92.9355
1857,90.7059,92.9355
1858,90.7059,92.9355
1859,90.7059,92.9355
1860,90.7059,92.9355
1861,90.7059,92.9355
1862,90.7059,92.9355
1863,90.7059,92.9355
1864,90.7059,92.9355
1865,90.7059,92.9355
1866,90.7059,92.9355
1867,90.7059,92.9355
1868,90.7059,92.9355
1869,90.7059,92.9355
1870,90.7059,92.9355
1871,90.7059,92.9355
1872,90.7059,92.9355
1873,90.7059,92.9355
1874,90.7059,92.9355
1875,90.7059,92.9355
1876,90.8235,92.9355
1877,90.8235,92.9355
1878,90.8235,92.9355
1879,90.8235,92.9355
1880,90.8235,92.9355
1881,90.8235,92.9355
1882,90.9412,92.9355
1883,90.9412,92.9355
1884,90.9412,92.9355
1885,90.9412,92.9355
1886,90.9412,92.9677
1887,90.9412,92.9677
1888,91.0588,92.9677
1889,91.0588,92.9677
1890,91.0588,92.9677
1891,91.0588,92.9677
1892,91.0588,92.9677
1893,91.0588,92.9677
1894,91.0588,92.9677
1895,91.0588,92.9677
1896,91.0588,92.9677
1897,91.0588,92.9677
1898,91.0588,92.9677
1899,91.0588,92.9677
1900,91.0588,92.9677
1901,91.0588,92.9677
1902,91.0588,92.9677
1903,91.0588,92.9677
1904,91.0588,92.9677
1905,91.0588,92.9677
1906,91.0588,92.9677
1907,91.0588,92.9677
1908,91.0588,92.9677
1909,91.0588,92.9677
1910,91.0588,92.9677
1911,91.0588,92.9677
1912,91.0588,92.9677
1913,91.0588,92.9677
1914,91.0588,92.9677
1915,91.0588,92.9677
1916,91.0588,92.9677
1917,91.0588,92.9677
1918,91.0588,92.9677
1919,91.0588,92.9677
1920,91.0588,92.9677
1921,91.0588,92.9677
1922,91.0588,92.9677
1923,91.0588,92.9677
1924,91.0588,93
1925,91.0588,93
1926,91.0588,93
1927,91.0588,93
1928,91.0588,93
1929,91.0588,93.0323
1930,91.0588,93.0323
1931,91.0588,93.0323
1932,91.0588,93.0323
1933,91.0588,93
1934,91.0588,93.0323
1935,91.0588,93.0323
1936,91.0588,93.0323
1937,91.0588,93.0323
1938,91.0588,93.0323
1939,91.0588,93.0323
1940,91.0588,93.0323
1941,91.0588,93.0323
1942,91.0588,93.0323
1943,91.0588,93.0323
1944,91.0588,93.0323
1945,91.0588,93.0323
1946,91.0588,93.0323
1947,91.0588,93.0323
1948,91.0588,93.0645
1949,91.0588,93.129
1950,91.0588,93.129
1951,91.0588,93.129
1952,91.0588,93.129
1953,91.0588,93.129
1954,91.0588,93.129
1955,91.0588,93.129
1956,91.0588,93.129
1957,91.0588,93.1613
1958,91.0588,93.1613
1959,91.0588,93.1613
1960,91.0588,93.1613
1961,91.0588,93.1613
1962,91.0588,93.1613
1963,91.0588,93.1613
1964,91.0588,93.1613
1965,91.0588,93.1613
1966,91.0588,93.1613
1967,91.0588,93.1613
1968,91.0588,93.1613
1969,91.0588,93.1613
1970,91.0588,93.1613
1971,91.0588,93.1613
1972,91.0588,93.1613
1973,91.0588,93.1613
1974,91.0588,93.1613
1975,91.0588,93.1613
1976,91.0588,93.1613
1977,91.0588,93.1613
1978,91.0588,93.1613
1979,91.0588,93.1613
1980,91.0588,93.1613
1981,91.0588,93.1613
1982,91.0588,93.1935
1983,91.0588,93.1935
1984,91.0588,93.1935
1985,91.0588,93.1935
1986,91.0588,93.1935
1987,91.0588,93.1935
1988,91.0588,93.1935
1989,91.0588,93.1935
1990,91.0588,93.1935
1991,91.0588,93.1935
1992,91.0588,93.1935
1993,91.0588,93.1935
1994,91.0588,93.1935
1995,91.0588,93.1935
1996,91.0588,93.1935
1997,91.1765,93.2258
1998,91.1765,93.2258
1999,91.1765,93.2258
2000,91.1765,93.2581
2001,91.2941,93.2581
2002,91.2941,93.2581
2003,91.2941,93.2581
2004,91.2941,93.2581
2005,91.2941,93.2581
2006,91.2941,93.2581
2007,91.2941,93.2581
2008,91.2941,93.2581
2009,91.2941,93.2903
2010,91.2941,93.2903
2011,91.2941,93.2903
2012,91.2941,93.2903
2013,91.2941,93.2903
2014,91.2941,93.2903
2015,91.2941,93.3226
2016,91.2941,93.3226
2017,91.2941,93.3226
2018,91.2941,93.3226
2019,91.2941,93.3226
2020,91.2941,93.3226
2021,91.2941,93.3226
2022,91.2941,93.3226
2023,91.2941,93.3226
2024,91.4118,93.3226
2025,91.4118,93.3226
2026,91.4118,93.3226
2027,91.4118,93.3226
2028,91.4118,93.3226
2029,91.4118,93.3226
2030,91.4118,93.2903
2031,91.4118,93.2903
2032,91.4118,93.2903
2033,91.4118,93.2903
2034,91.4118,93.2903
2035,91.4118,93.3548
2036,91.4118,93.3548
2037,91.4118,93.3871
2038,91.4118,93.3871
2039,91.4118,93.3871
2040,91.4118,93.3871
2041,91.4118,93.3871
2042,91.4118,93.3871
2043,91.4118,93.3871
2044,91.4118,93.3871
2045,91.4118,93.3871
2046,91.4118,93.3871
2047,91.4118,93.3871
2048,91.4118,93.4194
2049,91.4118,93.4516
2050,91.4118,93.4516
2051,91.4118,93.4516
2052,91.4118,93.4839
2053,91.4118,93.4839
2054,91.4118,93.4839
2055,91.4118,93.4839
2056,91.4118,93.4839
2057,91.4118,93.4839
2058,91.4118,93.4839
2059,91.4118,93.4839
2060,91.4118,93.4839
2061,91.4118,93.4839
2062,91.4118,93.4839
2063,91.4118,93.4839
2064,91.4118,93.4839
2065,91.4118,93.4839
2066,91.4118,93.4839
2067,91.4118,93.4839
2068,91.4118,93.4839
2069,91.4118,93.4839
2070,91.4118,93.4839
2071,91.2941,93.4839
2072,91.2941,93.4516
2073,91.2941,93.4516
2074,91.2941,93.4516
2075,91.2941,93.4516
2076,91.2941,93.4516
2077,91.2941,93.4516
2078,91.2941,93.4516
2079,91.2941,93.4516
2080,91.2941,93.4516
2081,91.2941,93.4516
2082,91.4118,93.4516
2083,91.4118,93.4516
2084,91.4118,93.4516
2085,91.4118,93.4516
2086,91.4118,93.4839
2087,91.4118,93.4839
2088,91.4118,93.4839
2089,91.4118,93.4839
2090,91.4118,93.4839
2091,91.4118,93.4839
2092,91.4118,93.4839
2093,91.4118,93.5161
2094,91.4118,93.5161
2095,91.4118,93.5161
2096,91.4118,93.5484
2097,91.4118,93.5484
2098,91.4118,93.5484
2099,91.4118,93.5484
2100,91.4118,93.5484
2101,91.4118,93.5484
2102,91.4118,93.5484
2103,91.4118,93.5484
2104,91.4118,93.5484
2105,91.4118,93.5484
2106,91.4118,93.5806
2107,91.4118,93.5806
2108,91.4118,93.5806
2109,91.4118,93.5806
2110,91.5294,93.5806
2111,91.5294,93.5806
2112,91.5294,93.5806
2113,91.5294,93.5806
2114,91.5294,93.5806
2115,91.5294,93.5806
2116,91.5294,93.5806
2117,91.5294,93.5806
2118,91.5294,93.5806
2119,91.5294,93.5806
2120,91.5294,93.5806
2121,91.5294,93.6129
2122,91.5294,93.6129
2123,91.5294,93.6129
2124,91.5294,93.6129
2125,91.5294,93.6129
2126,91.5294,93.6129
2127,91.5294,93.6452
2128,91.5294,93.6452
2129,91.5294,93.6774
2130,91.5294,93.6774
2131,91.5294,93.6774
2132,91.4118,93.6774
2133,91.4118,93.6774
2134,91.4118,93.7097
2135,91.4118,93.7097
2136,91.4118,93.7097
2137,91.4118,93.7097
2138,91.4118,93.7419
2139,91.4118,93.7419
2140,91.4118,93.7419
2141,91.4118,93.7742
2142,91.4118,93.7742
2143,91.4118,93.7742
2144,91.4118,93.8387
2145,91.4118,93.8387
2146,91.4118,93.8387
2147,91.4118,93.8387
2148,91.4118,93.8387
2149,91.4118,93.871
2150,91.4118,93.871
2151,91.4118,93.871
2152,91.4118,93.871
2153,91.4118,93.871
2154,91.4118,93.871
2155,91.4118,93.871
2156,91.4118,93.871
2157,91.4118,93.871
2158,91.4118,93.871
2159,91.4118,93.871
2160,91.4118,93.871
2161,91.5294,93.871
2162,91.5294,93.871
2163,91.5294,93.871
2164,91.5294,93.871
2165,91.5294,93.9032
2166,91.5294,93.9032
2167,91.5294,93.871
2168,91.5294,93.871
2169,91.6471,93.871
2170,91.6471,93.871
2171,91.6471,93.871
2172,91.6471,93.871
2173,91.6471,93.871
2174,91.6471,93.871
2175,91.6471,93.9032
2176,91.6471,93.9032
2177,91.6471,93.9032
2178,91.6471,93.9032
2179,91.6471,93.9032
2180,91.6471,93.9032
2181,91.6471,93.9032
2182,91.6471,93.9355
2183,91.6471,93.9355
2184,91.6471,93.9355
2185,91.6471,93.9355
2186,91.6471,93.9355
2187,91.6471,93.9355
2188,91.6471,93.9355
2189,91.6471,93.9355
2190,91.6471,93.9355
2191,91.6471,93.9355
2192,91.6471,93.9355
2193,91.5294,93.9355
2194,91.5294,93.9355
2195,91.5294,93.9355
2196,91.5294,93.9355
2197,91.5294,93.9355
2198,91.5294,93.9355
2199,91.5294,93.9355
2200,91.5294,93.9677
2201,91.5294,93.9677
2202,91.5294,93.9677
2203,91.5294,93.9677
2204,91.5294,93.9677
2205,91.5294,93.9677
2206,91.5294,93.9677
2207,91.5294,93.9677
2208,91.5294,93.9677
2209,91.5294,93.9677
2210,91.5294,93.9677
2211,91.6471,93.9677
2212,91.6471,93.9677
2213,91.6471,93.9677
2214,91.6471,93.9677
2215,91.6471,93.9677
2216,91.6471,93.9677
2217,91.6471,93.9677
2218,91.6471,93.9677
2219,91.6471,93.9677
2220,91.6471,93.9677
2221,91.6471,93.9677
2222,91.6471,93.9677
2223,91.6471,94
2224,91.6471,94
2225,91.6471,94
2226,91.6471,94
2227,91.6471,94.0323
2228,91.6471,94.0323
2229,91.6471,94.0323
2230,91.6471,94.0323
2231,91.6471,94.0323
2232,91.6471,94.0323
2233,91.6471,94.0645
2234,91.6471,94.0645
2235,91.6471,94.0323
2236,91.6471,94.0323
2237,91.6471,94.0323
2238,91.6471,94.0323
2239,91.6471,94
2240,91.6471,94
2241,91.6471,94.0323
2242,91.6471,94.0323
2243,91.6471,94.0323
2244,91.6471,94.0323
2245,91.6471,94.0323
2246,91.6471,94.0323
2247,91.7647,94.0323
2248,91.7647,94.0323
2249,91.7647,94.0323
2250,91.7647,94.0323
2251,91.7647,94.0323
2252,91.7647,94.0323
2253,91.7647,94.0323
2254,91.7647,94.0323
2255,91.7647,94.0968
2256,91.7647,94.0968
2257,91.7647,94.0968
2258,91.7647,94.0968
2259,91.7647,94.0968
2260,91.7647,94.0968
2261,91.7647,94.0968
2262,91.7647,94.0968
2263,91.7647,94.0968
2264,91.6471,94.0968
2265,91.6471,94.0968
2266,91.6471,94.0968
2267,91.6471,94.0968
2268,91.6471,94.0968
2269,91.6471,94.0968
2270,91.6471,94.0968
2271,91.6471,94.0968
2272,91.6471,94.0968
2273,91.6471,94.0968
2274,91.6471,94.0968
2275,91.6471,94.0968
2276,91.6471,94.0968
2277,91.6471,94.0968
2278,91.6471,94.0968
2279,91.6471,94.0968
2280,91.6471,94.0968
2281,91.6471,94.0968
2282,91.6471,94.0968
2283,91.6471,94.0968
2284,91.6471,94.0968
2285,91.6471,94.0968
2286,91.6471,94.0968
2287,91.6471,94.0968
2288,91.6471,94.0968
2289,91.6471,94.0968
2290,91.6471,94.0968
2291,91.6471,94.0968
2292,91.6471,94.0968
2293,91.6471,94.129
2294,91.6471,94.129
2295,91.6471,94.129
2296,91.6471,94.129
2297,91.6471,94.129
2298,91.7647,94.129
2299,91.7647,94.129
2300,91.7647,94.129
2301,91.7647,94.129
2302,91.7647,94.129
2303,91.7647,94.129
2304,91.7647,94.129
2305,91.7647,94.129
2306,91.7647,94.129
2307,91.7647,94.129
2308,91.7647,94.129
2309,91.7647,94.129
2310,91.7647,94.129
2311,91.7647,94.129
2312,91.7647,94.129
2313,91.7647,94.129
2314,91.7647,94.129
2315,91.7647,94.129
2316,91.7647,94.129
2317,91.7647,94.129
2318,91.7647,94.129
2319,91.7647,94.129
2320,91.6471,94.129
2321,91.6471,94.129
2322,91.6471,94.129
2323,91.6471,94.129
2324,91.6471,94.129
2325,91.6471,94.129
2326,91.6471,94.129
2327,91.6471,94.129
2328,91.6471,94.129
2329,91.6471,94.129
2330,91.6471,94.129
2331,91.6471,94.129
2332,91.6471,94.129
2333,91.6471,94.129
2334,91.6471,94.129
2335,91.6471,94.129
2336,91.6471,94.129
2337,91.6471,94.129
2338,91.6471,94.129
2339,91.6471,94.129
2340,91.6471,94.129
2341,91.6471,94.129
2342,91.6471,94.1613
2343,91.6471,94.1935
2344,91.6471,94.1935
2345,91.6471,94.1935
2346,91.6471,94.1935
2347,91.6471,94.1935
2348,91.6471,94.1935
2349,91.6471,94.1935
2350,91.6471,94.1935
2351,91.6471,94.1935
2352,91.6471,94.1935
2353,91.6471,94.1935
2354,91.6471,94.1935
2355,91.6471,94.1935
2356,91.6471,94.1935
2357,91.7647,94.1935
2358,91.7647,94.1935
2359,91.7647,94.1935
2360,91.7647,94.1935
2361,91.7647,94.1935
2362,91.7647,94.1935
2363,91.7647,94.1935
2364,91.7647,94.1935
2365,91.7647,94.1935
2366,91.7647,94.1935
2367,91.7647,94.1935
2368,91.7647,94.1935
2369,91.7647,94.1935
2370,91.7647,94.1935
2371,91.7647,94.1935
2372,91.7647,94.1935
2373,91.7647,94.1935
2374,91.7647,94.1935
2375,91.7647,94.2258
2376,91.7647,94.2258
2377,91.7647,94.2258
2378,91.8824,94.2258
2379,91.8824,94.2258
2380,91.8824,94.2258
2381,91.8824,94.2258
2382,91.8824,94.2258
2383,91.8824,94.2258
2384,91.8824,94.2258
2385,91.8824,94.2258
2386,91.8824,94.2258
2387,91.8824,94.2258
2388,91.8824,94.2258
2389,91.8824,94.2258
2390,91.8824,94.2258
2391,91.8824,94.2258
2392,91.8824,94.2258
2393,91.8824,94.2258
2394,91.8824,94.2258
2395,91.8824,94.2258
2396,91.8824,94.2258
2397,91.8824,94.2258
2398,91.8824,94.2258
2399,91.8824,94.2258
2400,91.8824,94.2258
2401,91.8824,94.2258
2402,91.8824,94.2258
2403,91.8824,94.2258
2404,91.8824,94.2258
2405,91.8824,94.2258
2406,91.8824,94.2258
2407,91.8824,94.2258
2408,91.8824,94.2258
2409,91.8824,94.2258
2410,91.8824,94.2258
2411,91.8824,94.2258
2412,91.8824,94.2258
2413,91.8824,94.2258
2414,91.8824,94.2258
2415,91.8824,94.2258
2416,92,94.2258
2417,92,94.2258
2418,92,94.2258
2419,92.1176,94.2258
2420,92.1176,94.2258
2421,92.1176,94.2258
2422,92.1176,94.2581
2423,92.1176,94.2581
2424,92.1176,94.2581
2425,92.1176,94.2581
2426,92.1176,94.2581
2427,92.1176,94.2581
2428,92.1176,94.2581
2429,92.1176,94.2581
2430,92.1176,94.2581
2431,92.1176,94.2581
2432,92.1176,94.2581
2433,92.1176,94.2581
2434,92.1176,94.2581
2435,92.1176,94.2581
2436,92.1176,94.2903
2437,92.1176,94.2903
2438,92.1176,94.2903
2439,92.1176,94.2903
2440,92.1176,94.2903
2441,92.1176,94.2903
2442,92.1176,94.2903
2443,92.1176,94.3226
2444,92.1176,94.3226
2445,92.1176,94.3226
2446,92.1176,94.3226
2447,92.1176,94.3226
2448,92.1176,94.3226
2449,92.1176,94.3226
2450,92.1176,94.3226
2451,92.1176,94.3226
2452,92.1176,94.3226
2453,92.1176,94.3226
2454,92.1176,94.3226
2455,92.1176,94.3226
2456,92.1176,94.3226
2457,92.1176,94.3226
2458,92.1176,94.3226
2459,92.1176,94.3226
2460,92.1176,94.3226
2461,92.1176,94.3226
2462,92.1176,94.3226
2463,92.1176,94.3226
2464,92.1176,94.3226
2465,92.1176,94.3226
2466,92.1176,94.3226
2467,92.1176,94.3226
2468,92.1176,94.3226
2469,92.1176,94.3226
2470,92.1176,94.3226
2471,92.1176,94.3226
2472,92.1176,94.3226
2473,92.1176,94.3226
2474,92.1176,94.3226
2475,92.1176,94.3548
2476,92.1176,94.3548
2477,92.1176,94.3548
2478,92.1176,94.3548
2479,92.1176,94.3548
2480,92.1176,94.3548
2481,92.1176,94.3548
2482,92.1176,94.3548
2483,92.1176,94.3548
2484,92.1176,94.3871
2485,92.1176,94.3871
2486,92.1176,94.3871
2487,92.1176,94.3871
2488,92.2353,94.3871
2489,92.2353,94.3871
2490,92.2353,94.3871
2491,92.2353,94.3871
2492,92.1176,94.3871
2493,92.1176,94.3871
2494,92.1176,94.3871
2495,92.1176,94.4194
2496,92.1176,94.4194
2497,92.1176,94.4194
2498,92.1176,94.4194
2499,92.1176,94.4194
2500,92.1176,94.4194
2501,92.1176,94.4194
2502,92.1176,94.4194
2503,92.1176,94.4194
2504,92.1176,94.4194
2505,92.1176,94.4194
2506,92.1176,94.4194
2507,92.1176,94.4194
2508,92.1176,94.4516
2509,92.1176,94.4516
2510,92.1176,94.4516
2511,92.1176,94.4516
2512,92.1176,94.4516
2513,92.1176,94.4516
2514,92.2353,94.4516
2515,92.2353,94.4516
2516,92.2353,94.4516
2517,92.2353,94.4516
2518,92.2353,94.4516
2519,92.2353,94.4516
2520,92.2353,94.4516
2521,92.2353,94.4516
2522,92.2353,94.4516
2523,92.2353,94.4516
2524,92.2353,94.4516
2525,92.2353,94.4516
2526,92.2353,94.4516
2527,92.2353,94.4194
2528,92.2353,94.4194
2529,92.2353,94.4194
2530,92.2353,94.4194
2531,92.2353,94.4194
2532,92.2353,94.4194
2533,92.2353,94.4194
2534,92.2353,94.4194
2535,92.2353,94.4194
2536,92.2353,94.4516
2537,92.2353,94.4516
2538,92.2353,94.4516
2539,92.2353,94.4516
2540,92.2353,94.4516
2541,92.2353,94.4516
2542,92.2353,94.4516
2543,92.3529,94.4516
2544,92.3529,94.4839
2545,92.3529,94.4839
2546,92.3529,94.4839
2547,92.3529,94.4839
2548,92.3529,94.4839
2549,92.3529,94.4839
2550,92.3529,94.5161
2551,92.3529,94.5161
2552,92.3529,94.5161
2553,92.3529,94.5161
2554,92.3529,94.4839
2555,92.3529,94.4839
2556,92.3529,94.4839
2557,92.3529,94.4839
2558,92.3529,94.4839
2559,92.3529,94.4839
2560,92.3529,94.4839
2561,92.3529,94.4839
2562,92.3529,94.4839
2563,92.3529,94.4839
2564,92.3529,94.4839
2565,92.3529,94.4839
2566,92.3529,94.4839
2567,92.3529,94.4839
2568,92.3529,94.4839
2569,92.3529,94.4839
2570,92.3529,94.4839
2571,92.3529,94.4839
2572,92.3529,94.4839
2573,92.3529,94.4839
2574,92.3529,94.4839
2575,92.3529,94.4839
2576,92.3529,94.4516
2577,92.3529,94.4516
2578,92.3529,94.4516
2579,92.3529,94.4516
2580,92.3529,94.4516
2581,92.3529,94.4516
2582,92.3529,94.4516
2583,92.3529,94.4516
2584,92.3529,94.4516
2585,92.3529,94.4516
2586,92.3529,94.4516
2587,92.3529,94.4516
2588,92.3529,94.4516
2589,92.3529,94.4516
2590,92.3529,94.4516
2591,92.3529,94.4516
2592,92.3529,94.4516
2593,92.3529,94.4516
2594,92.3529,94.4516
2595,92.3529,94.4516
2596,92.4706,94.4516
2597,92.4706,94.4516
2598,92.4706,94.4516
2599,92.4706,94.4516
2600,92.4706,94.4516
2601,92.4706,94.4516
2602,92.4706,94.4516
2603,92.4706,94.4516
2604,92.4706,94.4516
2605,92.4706,94.4516
2606,92.4706,94.4516
2607,92.4706,94.4516
2608,92.4706,94.4516
2609,92.4706,94.4516
2610,92.4706,94.4516
2611,92.4706,94.4516
2612,92.4706,94.4516
2613,92.4706,94.4516
2614,92.4706,94.4516
2615,92.4706,94.4516
2616,92.4706,94.4516
2617,92.4706,94.4516
2618,92.4706,94.4516
2619,92.4706,94.4516
2620,92.4706,94.4516
2621,92.4706,94.4516
2622,92.4706,94.4516
2623,92.4706,94.4516
2624,92.4706,94.4516
2625,92.4706,94.4516
2626,92.4706,94.4516
2627,92.4706,94.4516
2628,92.4706,94.4516
2629,92.4706,94.4516
2630,92.4706,94.4516
2631,92.4706,94.4516
2632,92.4706,94.4516
2633,92.4706,94.4516
2634,92.4706,94.4516
2635,92.4706,94.4516
2636,92.4706,94.4516
2637,92.4706,94.4516
2638,92.4706,94.4516
2639,92.4706,94.4516
2640,92.4706,94.4516
2641,92.4706,94.4516
2642,92.4706,94.4516
2643,92.4706,94.4516
2644,92.4706,94.4516
2645,92.4706,94.4516
2646,92.4706,94.4516
2647,92.4706,94.4516
2648,92.4706,94.4516
2649,92.4706,94.4194
2650,92.4706,94.4194
2651,92.4706,94.4194
2652,92.4706,94.4194
2653,92.4706,94.4194
2654,92.4706,94.4194
2655,92.4706,94.4194
2656,92.4706,94.4194
2657,92.4706,94.4194
2658,92.4706,94.4194
2659,92.4706,94.4194
2660,92.4706,94.4194
2661,92.4706,94.4194
2662,92.4706,94.4194
2663,92.4706,94.4194
2664,92.4706,94.4194
2665,92.4706,94.4194
2666,92.4706,94.4194
2667,92.4706,94.4194
2668,92.4706,94.4194
2669,92.4706,94.4194
2670,92.5882,94.4194
2671,92.5882,94.4194
2672,92.5882,94.4516
2673,92.5882,94.4516
2674,92.5882,94.4516
2675,92.5882,94.4516
2676,92.5882,94.4516
2677,92.5882,94.4516
2678,92.5882,94.4516
2679,92.5882,94.4516
2680,92.5882,94.4516
2681,92.5882,94.4516
2682,92.5882,94.4516
2683,92.5882,94.4516
2684,92.5882,94.4516
2685,92.5882,94.4516
2686,92.5882,94.4516
2687,92.5882,94.4516
2688,92.5882,94.4516
2689,92.5882,94.4516
2690,92.5882,94.4516
2691,92.5882,94.4516
2692,92.5882,94.4516
2693,92.5882,94.4516
2694,92.5882,94.4516
2695,92.5882,94.4516
2696,92.5882,94.4516
2697,92.5882,94.4516
2698,92.5882,94.4516
2699,92.5882,94.4516
2700,92.5882,94.4516
2701,92.5882,94.4516
2702,92.5882,94.4516
2703,92.5882,94.4516
2704,92.5882,94.4516
2705,92.5882,94.4516
2706,92.5882,94.4516
2707,92.5882,94.4516
2708,92.5882,94.4516
2709,92.5882,94.4516
2710,92.5882,94.4516
2711,92.5882,94.4516
2712,92.5882,94.4839
2713,92.5882,94.4839
2714,92.5882,94.4839
2715,92.5882,94.4839
2716,92.5882,94.4839
2717,92.5882,94.4839
2718,92.5882,94.4839
2719,92.4706,94.4839
2720,92.4706,94.4839
2721,92.4706,94.4839
2722,92.4706,94.4839
2723,92.4706,94.4839
2724,92.4706,94.4839
2725,92.4706,94.4839
2726,92.4706,94.4839
2727,92.4706,94.5161
2728,92.4706,94.5161
2729,92.4706,94.5161
2730,92.4706,94.5161
2731,92.4706,94.5161
2732,92.4706,94.4839
2733,92.4706,94.4839
2734,92.4706,94.4839
2735,92.4706,94.4839
2736,92.4706,94.4839
2737,92.4706,94.4839
2738,92.4706,94.4839
2739,92.4706,94.4839
2740,92.4706,94.4839
2741,92.4706,94.4839
2742,92.4706,94.4839
2743,92.4706,94.4839
2744,92.4706,94.4839
2745,92.4706,94.4839
2746,92.4706,94.4839
2747,92.4706,94.4839
2748,92.4706,94.4839
2749,92.4706,94.4839
2750,92.4706,94.4839
2751,92.4706,94.5161
2752,92.4706,94.5161
2753,92.4706,94.5161
2754,92.4706,94.5161
2755,92.4706,94.5484
2756,92.4706,94.5484
2757,92.4706,94.5484
2758,92.4706,94.5484
2759,92.4706,94.5484
2760,92.4706,94.5484
2761,92.4706,94.5484
2762,92.4706,94.5484
2763,92.4706,94.5484
2764,92.4706,94.5484
2765,92.4706,94.5484
2766,92.4706,94.5484
2767,92.4706,94.5806
2768,92.4706,94.5806
2769,92.4706,94.5806
2770,92.4706,94.5806
2771,92.4706,94.5806
2772,92.4706,94.5806
2773,92.4706,94.5806
2774,92.4706,94.5806
2775,92.4706,94.5806
2776,92.4706,94.5806
2777,92.4706,94.5806
2778,92.4706,94.5806
2779,92.4706,94.5806
2780,92.4706,94.5806
2781,92.4706,94.5806
2782,92.4706,94.5806
2783,92.4706,94.5806
2784,92.4706,94.5806
2785,92.4706,94.5806
2786,92.4706,94.5806
2787,92.4706,94.5806
2788,92.4706,94.5806
2789,92.4706,94.5806
2790,92.4706,94.5806
2791,92.4706,94.5806
2792,92.4706,94.5806
2793,92.4706,94.5806
2794,92.4706,94.5806
2795,92.4706,94.5806
2796,92.4706,94.5806
2797,92.4706,94.5806
2798,92.4706,94.5806
2799,92.4706,94.6129
2800,92.4706,94.6129
2801,92.4706,94.6129
2802,92.4706,94.6129
2803,92.4706,94.6129
2804,92.4706,94.6129
2805,92.4706,94.6129
2806,92.4706,94.6129
2807,92.4706,94.6129
2808,92.4706,94.6774
2809,92.4706,94.6774
2810,92.4706,94.6774
2811,92.4706,94.6774
2812,92.4706,94.6452
2813,92.4706,94.6452
2814,92.4706,94.6452
2815,92.4706,94.6452
2816,92.4706,94.6774
2817,92.4706,94.6774
2818,92.4706,94.6774
2819,92.4706,94.6774
2820,92.4706,94.6774
2821,92.4706,94.6774
2822,92.4706,94.6774
2823,92.4706,94.6774
2824,92.4706,94.6774
2825,92.4706,94.6774
2826,92.4706,94.6774
2827,92.4706,94.7097
2828,92.4706,94.7097
2829,92.4706,94.7097
2830,92.4706,94.7097
2831,92.4706,94.7419
2832,92.4706,94.7419
2833,92.4706,94.7419
2834,92.4706,94.7419
2835,92.4706,94.7419
2836,92.4706,94.7419
2837,92.4706,94.7419
2838,92.4706,94.7419
2839,92.4706,94.7419
2840,92.4706,94.7419
2841,92.4706,94.7419
2842,92.4706,94.7419
2843,92.4706,94.7419
2844,92.5882,94.7419
2845,92.5882,94.7419
2846,92.5882,94.7419
2847,92.5882,94.7419
2848,92.5882,94.7419
2849,92.7059,94.7419
2850,92.7059,94.7419
2851,92.7059,94.7419
2852,92.7059,94.7419
2853,92.7059,94.7419
2854,92.7059,94.7419
2855,92.7059,94.7419
2856,92.7059,94.7419
2857,92.7059,94.7419
2858,92.7059,94.7419
2859,92.7059,94.7419
2860,92.7059,94.7419
2861,92.7059,94.7419
2862,92.7059,94.7419
2863,92.7059,94.7419
2864,92.7059,94.7419
2865,92.7059,94.7419
2866,92.7059,94.7419
2867,92.7059,94.7419
2868,92.7059,94.7419
2869,92.7059,94.7419
2870,92.7059,94.7419
2871,92.7059,94.7419
2872,92.7059,94.7419
2873,92.7059,94.7419
2874,92.7059,94.7419
2875,92.7059,94.7419
2876,92.7059,94.7419
2877,92.7059,94.7419
2878,92.7059,94.7419
2879,92.7059,94.7419
2880,92.7059,94.7419
2881,92.7059,94.7742
2882,92.7059,94.7742
2883,92.7059,94.7742
2884,92.7059,94.7742
2885,92.7059,94.8065
2886,92.7059,94.8065
2887,92.7059,94.8065
2888,92.7059,94.8065
2889,92.7059,94.8065
2890,92.7059,94.8065
2891,92.7059,94.8065
2892,92.7059,94.8065
2893,92.7059,94.8065
2894,92.7059,94.8065
2895,92.7059,94.8065
2896,92.7059,94.8065
2897,92.7059,94.8065
2898,92.7059,94.8065
2899,92.7059,94.8065
2900,92.7059,94.8065
2901,92.7059,94.8065
2902,92.7059,94.8065
2903,92.7059,94.8065
2904,92.7059,94.8065
2905,92.7059,94.8065
2906,92.7059,94.8065
2907,92.7059,94.8065
2908,92.7059,94.8065
2909,92.7059,94.8065
2910,92.7059,94.8065
2911,92.7059,94.8065
2912,92.7059,94.8065
2913,92.7059,94.8065
2914,92.7059,94.8065
2915,92.7059,94.8065
2916,92.7059,94.8065
2917,92.7059,94.8065
2918,92.7059,94.8065
2919,92.7059,94.8065
2920,92.7059,94.8065
2921,92.7059,94.8065
2922,92.7059,94.8065
2923,92.7059,94.8065
2924,92.7059,94.8065
2925,92.7059,94.8065
2926,92.7059,94.8387
2927,92.7059,94.8387
2928,92.7059,94.8387
2929,92.7059,94.8387
2930,92.7059,94.8387
2931,92.7059,94.8387
2932,92.7059,94.8387
2933,92.7059,94.8387
2934,92.7059,94.8387
2935,92.7059,94.8387
2936,92.7059,94.8387
2937,92.7059,94.8387
2938,92.7059,94.8387
2939,92.7059,94.8387
2940,92.7059,94.8387
2941,92.7059,94.8387
2942,92.7059,94.8387
2943,92.7059,94.8387
2944,92.7059,94.8387
2945,92.7059,94.8387
2946,92.7059,94.8387
2947,92.7059,94.8387
2948,92.7059,94.8387
2949,92.7059,94.8387
2950,92.7059,94.8387
2951,92.7059,94.871
2952,92.7059,94.871
2953,92.7059,94.871
2954,92.7059,94.871
2955,92.7059,94.871
2956,92.7059,94.871
2957,92.7059,94.871
2958,92.7059,94.871
2959,92.7059,94.871
2960,92.7059,94.871
2961,92.7059,94.871
2962,92.7059,94.871
2963,92.7059,94.871
2964,92.7059,94.871
2965,92.7059,94.871
2966,92.7059,94.871
2967,92.7059,94.871
2968,92.7059,94.871
2969,92.7059,94.871
2970,92.7059,94.871
2971,92.7059,94.871
2972,92.7059,94.871
2973,92.7059,94.871
2974,92.7059,94.871
2975,92.7059,94.871
2976,92.7059,94.871
2977,92.7059,94.871
2978,92.7059,94.871
2979,92.7059,94.871
2980,92.7059,94.871
2981,92.7059,94.871
2982,92.7059,94.871
2983,92.7059,94.871
2984,92.7059,94.871
2985,92.7059,94.871
2986,92.7059,94.871
2987,92.7059,94.871
2988,92.7059,94.871
2989,92.7059,94.871
2990,92.7059,94.871
2991,92.7059,94.871
2992,92.7059,94.871
2993,92.7059,94.871
2994,92.7059,94.871
2995,92.7059,94.871
2996,92.7059,94.871
2997,92.7059,94.871
2998,92.7059,94.871
2999,92.7059,94.871
