0,17.6471,19.2581
1,25.6471,25.3871
2,36.7059,35.3871
3,46,44.8065
4,53.0588,51.4516
5,59.2941,56.871
6,63.6471,61.2258
7,66.8235,64.8387
8,70.4706,68.5161
9,73.1765,70.9677
10,74.8235,73.1935
11,76.1176,75.129
12,77.5294,76.4839
13,78.8235,77.7097
14,79.8824,78.6774
15,80.4706,79.7097
16,81.2941,80.7742
17,81.7647,81.6452
18,82.2353,82.2258
19,82.4706,82.9355
20,83.8824,83.4194
21,84.2353,83.871
22,84.7059,84.4194
23,85.2941,84.9032
24,85.7647,85.3226
25,86.1176,85.8387
26,86.7059,86.3871
27,86.7059,86.8387
28,86.7059,87.0645
29,86.9412,87.4194
30,87.1765,87.7097
31,87.1765,88.0323
32,87.2941,88.2581
33,87.5294,88.5161
34,87.7647,88.6774
35,87.5294,88.9355
36,87.7647,89.0645
37,87.8824,89.4516
38,88.1176,89.5484
39,88.3529,89.6129
40,88.3529,89.6774
41,88.3529,89.7419
42,88.4706,89.871
43,88.7059,89.9355
44,89.1765,90
45,89.1765,90.0645
46,89.1765,90.1935
47,89.4118,90.2581
48,89.8824,90.2903
49,89.8824,90.3548
50,89.8824,90.4839
51,90,90.6129
52,90.2353,90.7419
53,90.2353,90.8065
54,90.3529,90.9032
55,90.3529,90.9677
56,90.3529,91.0645
57,90.4706,91.1613
58,90.4706,91.2581
59,90.4706,91.2581
60,90.4706,91.3226
61,90.4706,91.3871
62,90.4706,91.4194
63,90.5882,91.4194
64,90.7059,91.4516
65,90.8235,91.4839
66,90.8235,91.6452
67,90.9412,91.8065
68,91.0588,91.9032
69,91.2941,91.9032
70,91.2941,91.9677
71,91.2941,92.0645
72,91.2941,92.0968
73,91.2941,92.129
74,91.4118,92.1613
75,91.5294,92.1935
76,91.6471,92.1935
77,91.6471,92.1935
78,91.6471,92.2258
79,91.6471,92.2258
80,91.6471,92.2258
81,92,92.2903
82,92.1176,92.4194
83,92.1176,92.5161
84,92.1176,92.6129
85,92.1176,92.6774
86,92.1176,92.6774
87,92.1176,92.7742
88,92.1176,92.7742
89,92.2353,92.8387
90,92.2353,92.8387
91,92.2353,92.9032
92,92.2353,92.9677
93,92.2353,93.0645
94,92.2353,93.0968
95,92.3529,93.129
96,92.4706,93.1613
97,92.4706,93.2903
98,92.5882,93.3226
99,92.5882,93.3548
100,92.7059,93.3548
101,92.7059,93.3226
102,92.9412,93.3226
103,92.9412,93.3548
104,92.9412,93.3871
105,93.0588,93.4516
106,93.0588,93.4839
107,93.0588,93.5161
108,93.0588,93.5161
109,93.0588,93.5806
110,93.0588,93.5484
111,93.0588,93.6129
112,93.1765,93.6129
113,93.1765,93.6774
114,93.1765,93.6774
115,93.1765,93.7419
116,93.1765,93.8065
117,93.1765,93.871
118,93.1765,93.871
119,93.1765,93.871
120,93.2941,93.871
121,93.2941,93.871
122,93.2941,93.871
123,93.2941,93.9355
124,93.2941,93.9355
125,93.2941,93.9355
126,93.2941,94
127,93.2941,94.0645
128,93.2941,94.0645
129,93.2941,94.0645
130,93.2941,94.0968
131,93.2941,94.0968
132,93.4118,94.0968
133,93.5294,94.0968
134,93.5294,94.0968
135,93.5294,94.0968
136,93.5294,94.0645
137,93.5294,94.0968
138,93.5294,94.0968
139,93.5294,94.0968
140,93.5294,94.0968
141,93.5294,94.0968
142,93.4118,94.129
143,93.4118,94.1613
144,93.5294,94.1935
145,93.5294,94.2258
146,93.5294,94.2258
147,93.5294,94.2581
148,93.5294,94.2581
149,93.5294,94.2903
150,93.5294,94.3226
151,93.5294,94.3548
152,93.5294,94.3548
153,93.5294,94.3548
154,93.5294,94.3548
155,93.5294,94.3548
156,93.5294,94.3871
157,93.5294,94.3871
158,93.5294,94.3871
159,93.5294,94.3871
160,93.5294,94.4194
161,93.6471,94.4194
162,93.7647,94.4194
163,93.7647,94.4516
164,93.7647,94.4839
165,93.7647,94.5161
166,93.7647,94.5161
167,93.7647,94.5484
168,93.7647,94.5161
169,93.7647,94.5484
170,93.7647,94.5484
171,93.7647,94.5806
172,93.7647,94.6129
173,93.7647,94.6129
174,93.7647,94.6452
175,93.7647,94.6774
176,93.8824,94.6774
177,93.8824,94.6774
178,93.8824,94.6774
179,93.8824,94.7097
180,93.8824,94.7097
181,93.8824,94.7097
182,94,94.7419
183,94,94.7419
184,94.1176,94.7419
185,94.1176,94.7419
186,94.1176,94.7419
187,94.1176,94.7419
188,94.1176,94.7419
189,94.1176,94.7419
190,94.1176,94.7419
191,94.1176,94.7419
192,94.1176,94.7419
193,94.1176,94.7742
194,94.1176,94.8065
195,94.1176,94.871
196,94.1176,94.871
197,94.1176,94.871
198,94.1176,94.871
199,94.1176,94.871
200,94.1176,94.871
201,94.2353,94.871
202,94.2353,94.871
203,94.3529,94.871
204,94.3529,94.871
205,94.3529,94.871
206,94.3529,94.9032
207,94.3529,94.9032
208,94.3529,94.9032
209,94.3529,94.9032
210,94.3529,94.9032
211,94.3529,94.9032
212,94.3529,94.9677
213,94.3529,94.9677
214,94.3529,94.9677
215,94.3529,94.9677
216,94.3529,95
217,94.3529,95
218,94.3529,95.0323
219,94.3529,95.0645
220,94.3529,95.0968
221,94.3529,95.0968
222,94.3529,95.0968
223,94.3529,95.129
224,94.3529,95.129
225,94.3529,95.1613
226,94.3529,95.1613
227,94.3529,95.129
228,94.3529,95.129
229,94.3529,95.1613
230,94.3529,95.1935
231,94.3529,95.1935
232,94.3529,95.1935
233,94.3529,95.1935
234,94.3529,95.1935
235,94.3529,95.1935
236,94.3529,95.1935
237,94.3529,95.1935
238,94.3529,95.2258
239,94.3529,95.2258
240,94.3529,95.2258
241,94.3529,95.2258
242,94.3529,95.2258
243,94.3529,95.2258
244,94.3529,95.2258
245,94.2353,95.2258
246,94.2353,95.2581
247,94.2353,95.2581
248,94.2353,95.2581
249,94.3529,95.2581
250,94.3529,95.2581
251,94.3529,95.2581
252,94.3529,95.2581
253,94.3529,95.2581
254,94.3529,95.2903
255,94.3529,95.2903
256,94.3529,95.2903
257,94.3529,95.2903
258,94.4706,95.2903
259,94.4706,95.2903
260,94.4706,95.2903
261,94.4706,95.2903
262,94.4706,95.2903
263,94.4706,95.2903
264,94.4706,95.2903
265,94.5882,95.2903
266,94.5882,95.2903
267,94.5882,95.2903
268,94.5882,95.2903
269,94.5882,95.2903
270,94.5882,95.2903
271,94.5882,95.2581
272,94.5882,95.2581
273,94.5882,95.2581
274,94.5882,95.2581
275,94.5882,95.2903
276,94.5882,95.2903
277,94.5882,95.2903
278,94.5882,95.2903
279,94.5882,95.2903
280,94.5882,95.3226
281,94.5882,95.3226
282,94.5882,95.3226
283,94.5882,95.3226
284,94.5882,95.3226
285,94.5882,95.3548
286,94.5882,95.3548
287,94.5882,95.3548
288,94.5882,95.3548
289,94.5882,95.3871
290,94.5882,95.3871
291,94.5882,95.3871
292,94.4706,95.3871
293,94.4706,95.4194
294,94.4706,95.4516
295,94.4706,95.4516
296,94.4706,95.4516
297,94.4706,95.4839
298,94.4706,95.4839
299,94.4706,95.4839
300,94.4706,95.4839
301,94.4706,95.4839
302,94.4706,95.4839
303,94.4706,95.4839
304,94.4706,95.5161
305,94.4706,95.5161
306,94.4706,95.5161
307,94.4706,95.5161
308,94.4706,95.5161
309,94.4706,95.5161
310,94.4706,95.5161
311,94.4706,95.5161
312,94.4706,95.5161
313,94.4706,95.5161
314,94.4706,95.5484
315,94.4706,95.5806
316,94.4706,95.5806
317,94.4706,95.5806
318,94.4706,95.5806
319,94.4706,95.6129
320,94.4706,95.6129
321,94.4706,95.6129
322,94.4706,95.6129
323,94.4706,95.6129
324,94.4706,95.6129
325,94.4706,95.6129
326,94.4706,95.6129
327,94.4706,95.6129
328,94.4706,95.6129
329,94.4706,95.6129
330,94.4706,95.6452
331,94.4706,95.6452
332,94.4706,95.6452
333,94.4706,95.6452
334,94.4706,95.6452
335,94.4706,95.6452
336,94.4706,95.6452
337,94.4706,95.6452
338,94.4706,95.7097
339,94.4706,95.7097
340,94.4706,95.7097
341,94.4706,95.7097
342,94.4706,95.7097
343,94.4706,95.7419
344,94.4706,95.7742
345,94.4706,95.7742
346,94.4706,95.7742
347,94.4706,95.7742
348,94.4706,95.7742
349,94.4706,95.7419
350,94.5882,95.7419
351,94.5882,95.7419
352,94.5882,95.7742
353,94.5882,95.7742
354,94.5882,95.7742
355,94.5882,95.7742
356,94.5882,95.7742
357,94.7059,95.7419
358,94.7059,95.7742
359,94.7059,95.7742
360,94.7059,95.7742
361,94.7059,95.7742
362,94.7059,95.7742
363,94.7059,95.7742
364,94.7059,95.7742
365,94.7059,95.7742
366,94.7059,95.8065
367,94.7059,95.8065
368,94.7059,95.8065
369,94.7059,95.8065
370,94.7059,95.8065
371,94.7059,95.8065
372,94.7059,95.8065
373,94.7059,95.8387
374,94.7059,95.8387
375,94.7059,95.8387
376,94.7059,95.8387
377,94.7059,95.8387
378,94.7059,95.8387
379,94.7059,95.8387
380,94.7059,95.8387
381,94.7059,95.8387
382,94.7059,95.8387
383,94.7059,95.8387
384,94.7059,95.8387
385,94.7059,95.8387
386,94.7059,95.8387
387,94.7059,95.8387
388,94.7059,95.871
389,94.7059,95.9032
390,94.7059,95.9032
391,94.7059,95.9032
392,94.7059,95.9032
393,94.7059,95.9032
394,94.7059,95.9032
395,94.7059,95.9032
396,94.7059,95.9032
397,94.7059,95.9032
398,94.7059,95.9032
399,94.7059,95.9032
400,94.7059,95.9032
401,94.7059,95.9355
402,94.7059,95.9355
403,94.7059,95.9355
404,94.7059,95.9355
405,94.7059,95.9355
406,94.7059,95.9355
407,94.7059,95.9355
408,94.7059,95.9677
409,94.7059,95.9677
410,94.7059,95.9677
411,94.7059,95.9677
412,94.7059,95.9677
413,94.7059,95.9677
414,94.7059,95.9677
415,94.7059,95.9677
416,94.7059,95.9677
417,94.7059,95.9677
418,94.7059,96.0323
419,94.7059,96.0323
420,94.7059,96.0323
421,94.7059,96.0645
422,94.7059,96.0645
423,94.7059,96.0645
424,94.7059,96.0645
425,94.7059,96.0645
426,94.7059,96.0645
427,94.7059,96.0645
428,94.7059,96.0645
429,94.7059,96.0323
430,94.7059,96.0323
431,94.7059,96.0323
432,94.7059,96.0323
433,94.7059,96.0323
434,94.7059,96.0323
435,94.7059,96.0323
436,94.7059,96.0323
437,94.7059,96.0323
438,94.7059,96.0323
439,94.7059,96.0323
440,94.7059,96.0645
441,94.7059,96.0645
442,94.7059,96.0645
443,94.7059,96.0645
444,94.7059,96.0645
445,94.7059,96.0645
446,94.7059,96.0645
447,94.7059,96.0645
448,94.8235,96.0968
449,94.8235,96.0968
450,94.8235,96.129
451,94.8235,96.129
452,94.9412,96.129
453,94.9412,96.129
454,94.9412,96.129
455,94.9412,96.129
456,94.9412,96.0968
457,94.9412,96.0968
458,94.9412,96.0968
459,95.0588,96.0968
460,95.0588,96.0968
461,95.0588,96.0968
462,95.0588,96.129
463,95.0588,96.129
464,95.0588,96.129
465,95.0588,96.129
466,95.0588,96.129
467,95.0588,96.129
468,95.0588,96.129
469,95.0588,96.129
470,95.0588,96.129
471,95.0588,96.129
472,95.0588,96.129
473,95.0588,96.129
474,95.0588,96.129
475,95.0588,96.129
476,95.0588,96.129
477,95.0588,96.129
478,95.0588,96.129
479,95.0588,96.129
480,95.0588,96.129
481,95.0588,96.129
482,95.0588,96.129
483,95.0588,96.129
484,95.0588,96.129
485,95.0588,96.129
486,95.0588,96.129
487,95.0588,96.129
488,95.0588,96.129
489,95.0588,96.129
490,95.0588,96.129
491,95.0588,96.129
492,95.0588,96.129
493,95.0588,96.129
494,95.0588,96.129
495,95.0588,96.129
496,95.0588,96.129
497,95.0588,96.129
498,95.0588,96.129
499,95.0588,96.129
500,95.0588,96.129
501,95.0588,96.129
502,95.0588,96.129
503,95.0588,96.129
504,95.0588,96.129
505,95.0588,96.129
506,95.0588,96.129
507,95.0588,96.129
508,95.0588,96.129
509,95.0588,96.129
510,95.0588,96.129
511,95.0588,96.129
512,95.0588,96.1613
513,95.0588,96.1613
514,95.0588,96.1613
515,95.0588,96.1613
516,95.0588,96.1613
517,95.0588,96.1613
518,95.0588,96.1613
519,95.0588,96.1613
520,95.0588,96.1613
521,95.0588,96.1613
522,95.0588,96.1613
523,95.0588,96.1613
524,95.0588,96.1613
525,95.0588,96.1935
526,95.0588,96.2258
527,95.0588,96.2258
528,95.0588,96.2581
529,95.0588,96.2581
530,95.0588,96.2581
531,95.0588,96.2581
532,95.0588,96.3226
533,95.0588,96.3226
534,95.0588,96.3226
535,95.0588,96.3226
536,95.0588,96.3226
537,95.0588,96.3226
538,95.0588,96.3548
539,95.0588,96.3548
540,95.0588,96.3871
541,95.0588,96.3871
542,95.0588,96.3871
543,95.0588,96.3871
544,95.0588,96.3871
545,95.0588,96.3871
546,95.0588,96.3871
547,95.0588,96.3871
548,95.0588,96.3871
549,95.0588,96.3871
550,95.0588,96.3871
551,95.0588,96.3871
552,95.0588,96.3871
553,95.0588,96.3871
554,95.0588,96.3871
555,95.0588,96.3871
556,95.0588,96.3871
557,95.0588,96.3871
558,95.0588,96.3871
559,95.0588,96.3871
560,95.0588,96.4194
561,95.0588,96.4194
562,95.0588,96.4194
563,95.0588,96.4516
564,95.0588,96.4516
565,95.0588,96.4516
566,95.0588,96.4516
567,95.0588,96.4516
568,95.0588,96.4516
569,95.0588,96.4194
570,95.0588,96.4194
571,95.0588,96.4194
572,95.0588,96.4516
573,95.0588,96.4516
574,95.0588,96.4516
575,95.0588,96.4516
576,95.0588,96.4516
577,95.0588,96.4516
578,95.0588,96.4839
579,95.0588,96.4839
580,95.0588,96.4839
581,95.0588,96.4839
582,95.0588,96.4839
583,95.0588,96.4839
584,95.0588,96.4839
585,95.0588,96.4839
586,95.0588,96.4839
587,95.0588,96.4839
588,95.0588,96.4839
589,95.0588,96.4839
590,95.0588,96.5161
591,95.0588,96.5161
592,95.0588,96.5161
593,95.0588,96.5161
594,95.0588,96.5484
595,95.0588,96.5484
596,95.0588,96.5484
597,95.0588,96.5484
598,95.0588,96.5484
599,95.0588,96.5806
600,95.0588,96.5806
601,95.0588,96.5806
602,95.0588,96.6129
603,95.0588,96.6129
604,95.0588,96.6129
605,95.0588,96.6129
606,95.0588,96.6129
607,95.0588,96.6129
608,95.0588,96.6129
609,95.0588,96.6129
610,95.0588,96.6129
611,95.0588,96.6129
612,95.0588,96.6129
613,95.1765,96.6129
614,95.1765,96.6129
615,95.1765,96.6129
616,95.1765,96.6129
617,95.1765,96.6129
618,95.1765,96.5806
619,95.1765,96.5806
620,95.1765,96.5806
621,95.1765,96.5806
622,95.1765,96.5806
623,95.1765,96.5806
624,95.1765,96.5806
625,95.1765,96.5806
626,95.1765,96.5806
627,95.1765,96.5806
628,95.1765,96.5806
629,95.1765,96.5806
630,95.1765,96.5806
631,95.1765,96.5806
632,95.1765,96.5806
633,95.1765,96.5806
634,95.1765,96.5806
635,95.1765,96.5806
636,95.1765,96.6129
637,95.1765,96.6452
638,95.1765,96.6452
639,95.1765,96.6452
640,95.1765,96.6452
641,95.1765,96.6452
642,95.1765,96.6452
643,95.1765,96.6452
644,95.1765,96.6452
645,95.1765,96.6452
646,95.1765,96.6452
647,95.1765,96.6452
648,95.1765,96.6452
649,95.1765,96.6452
650,95.1765,96.6452
651,95.1765,96.6452
652,95.1765,96.6452
653,95.1765,96.6452
654,95.1765,96.6452
655,95.1765,96.6452
656,95.1765,96.6452
657,95.2941,96.6452
658,95.2941,96.6774
659,95.2941,96.6774
660,95.2941,96.6774
661,95.2941,96.6774
662,95.2941,96.6774
663,95.2941,96.6774
664,95.2941,96.6774
665,95.2941,96.6774
666,95.2941,96.6774
667,95.2941,96.6774
668,95.2941,96.6774
669,95.2941,96.6774
670,95.2941,96.6774
671,95.2941,96.6774
672,95.2941,96.6774
673,95.2941,96.6774
674,95.2941,96.6774
675,95.2941,96.6774
676,95.2941,96.6774
677,95.2941,96.6774
678,95.2941,96.6774
679,95.2941,96.6774
680,95.2941,96.6774
681,95.2941,96.6774
682,95.2941,96.6774
683,95.2941,96.6774
684,95.2941,96.6774
685,95.2941,96.6774
686,95.2941,96.6774
687,95.2941,96.6774
688,95.2941,96.6774
689,95.2941,96.6774
690,95.2941,96.6774
691,95.2941,96.6774
692,95.2941,96.6774
693,95.2941,96.6774
694,95.2941,96.6774
695,95.2941,96.6774
696,95.2941,96.6774
697,95.2941,96.6774
698,95.2941,96.6774
699,95.2941,96.6774
700,95.2941,96.6774
701,95.2941,96.6774
702,95.2941,96.6774
703,95.2941,96.6774
704,95.2941,96.6774
705,95.2941,96.6774
706,95.2941,96.6774
707,95.2941,96.6774
708,95.2941,96.6774
709,95.2941,96.6774
710,95.2941,96.6774
711,95.2941,96.6774
712,95.2941,96.6774
713,95.2941,96.6774
714,95.2941,96.6774
715,95.2941,96.6774
716,95.2941,96.6774
717,95.2941,96.6774
718,95.2941,96.6452
719,95.2941,96.6129
720,95.2941,96.6129
721,95.2941,96.6452
722,95.2941,96.6452
723,95.2941,96.6452
724,95.2941,96.6452
725,95.2941,96.6452
726,95.2941,96.6452
727,95.2941,96.6452
728,95.2941,96.6452
729,95.2941,96.6452
730,95.2941,96.6774
731,95.2941,96.6774
732,95.2941,96.6774
733,95.2941,96.6774
734,95.2941,96.6774
735,95.2941,96.6774
736,95.2941,96.6774
737,95.2941,96.6774
738,95.2941,96.6774
739,95.2941,96.6774
740,95.2941,96.6774
741,95.2941,96.6774
742,95.2941,96.6774
743,95.2941,96.6774
744,95.2941,96.6774
745,95.2941,96.6774
746,95.2941,96.6774
747,95.2941,96.6774
748,95.2941,96.6774
749,95.2941,96.6774
750,95.2941,96.6774
751,95.2941,96.6774
752,95.2941,96.6774
753,95.2941,96.6774
754,95.2941,96.6774
755,95.2941,96.6774
756,95.2941,96.6774
757,95.2941,96.6774
758,95.2941,96.6774
759,95.2941,96.6774
760,95.2941,96.6774
761,95.2941,96.6774
762,95.2941,96.6774
763,95.2941,96.6774
764,95.2941,96.6774
765,95.2941,96.6774
766,95.2941,96.6774
767,95.2941,96.6774
768,95.2941,96.6774
769,95.2941,96.6774
770,95.2941,96.6774
771,95.2941,96.6774
772,95.2941,96.6774
773,95.2941,96.6774
774,95.4118,96.6774
775,95.4118,96.6774
776,95.4118,96.6774
777,95.4118,96.6774
778,95.4118,96.6774
779,95.4118,96.6774
780,95.4118,96.6774
781,95.4118,96.6774
782,95.4118,96.6774
783,95.4118,96.6774
784,95.4118,96.6774
785,95.4118,96.6774
786,95.4118,96.6774
787,95.4118,96.6774
788,95.4118,96.6774
789,95.4118,96.6774
790,95.4118,96.6774
791,95.4118,96.6774
792,95.4118,96.6774
793,95.4118,96.6774
794,95.4118,96.6774
795,95.4118,96.6774
796,95.4118,96.6774
797,95.4118,96.6774
798,95.4118,96.6774
799,95.4118,96.6774
800,95.4118,96.7097
801,95.4118,96.7097
802,95.4118,96.7419
803,95.4118,96.7419
804,95.4118,96.7419
805,95.4118,96.7419
806,95.4118,96.7419
807,95.4118,96.7419
808,95.4118,96.7419
809,95.4118,96.7419
810,95.4118,96.7419
811,95.4118,96.7419
812,95.4118,96.7419
813,95.4118,96.7419
814,95.4118,96.7419
815,95.4118,96.7419
816,95.4118,96.7419
817,95.4118,96.7419
818,95.4118,96.7419
819,95.4118,96.7419
820,95.2941,96.7419
821,95.2941,96.7419
822,95.2941,96.7419
823,95.2941,96.7419
824,95.2941,96.7419
825,95.2941,96.7419
826,95.2941,96.7419
827,95.2941,96.7419
828,95.2941,96.7419
829,95.2941,96.7419
830,95.2941,96.7419
831,95.2941,96.7419
832,95.2941,96.7419
833,95.2941,96.7419
834,95.2941,96.7419
835,95.2941,96.7419
836,95.4118,96.7419
837,95.4118,96.7419
838,95.4118,96.7419
839,95.4118,96.7419
840,95.4118,96.7419
841,95.4118,96.7419
842,95.4118,96.7419
843,95.4118,96.7419
844,95.4118,96.7419
845,95.4118,96.7419
846,95.4118,96.7419
847,95.4118,96.7419
848,95.4118,96.7419
849,95.4118,96.7419
850,95.4118,96.7419
851,95.4118,96.7419
852,95.4118,96.7419
853,95.4118,96.7419
854,95.4118,96.7419
855,95.4118,96.7419
856,95.4118,96.7419
857,95.4118,96.7419
858,95.4118,96.7419
859,95.4118,96.7742
860,95.4118,96.7742
861,95.4118,96.7742
862,95.4118,96.7742
863,95.4118,96.7419
864,95.4118,96.7419
865,95.4118,96.7419
866,95.4118,96.7419
867,95.4118,96.7419
868,95.4118,96.7419
869,95.4118,96.7419
870,95.4118,96.7419
871,95.4118,96.7419
872,95.4118,96.7419
873,95.4118,96.7419
874,95.4118,96.7419
875,95.4118,96.7419
876,95.4118,96.7419
877,95.4118,96.7419
878,95.4118,96.7419
879,95.4118,96.7419
880,95.4118,96.7419
881,95.4118,96.7419
882,95.4118,96.7419
883,95.4118,96.7742
884,95.4118,96.7742
885,95.4118,96.7742
886,95.4118,96.7742
887,95.4118,96.7742
888,95.4118,96.7742
889,95.4118,96.7742
890,95.4118,96.7742
891,95.4118,96.7742
892,95.4118,96.8065
893,95.4118,96.8065
894,95.4118,96.8065
895,95.4118,96.8065
896,95.4118,96.8065
897,95.4118,96.8065
898,95.4118,96.8065
899,95.4118,96.8065
900,95.4118,96.8065
901,95.4118,96.8065
902,95.4118,96.8065
903,95.4118,96.8065
904,95.4118,96.8065
905,95.4118,96.8065
906,95.4118,96.8065
907,95.4118,96.8065
908,95.4118,96.8065
909,95.4118,96.8065
910,95.4118,96.8065
911,95.4118,96.8065
912,95.4118,96.8065
913,95.4118,96.8065
914,95.4118,96.8065
915,95.4118,96.8065
916,95.4118,96.8065
917,95.4118,96.8065
918,95.4118,96.8065
919,95.4118,96.8065
920,95.4118,96.8065
921,95.4118,96.8065
922,95.4118,96.8065
923,95.4118,96.8387
924,95.4118,96.8387
925,95.4118,96.8387
926,95.4118,96.8387
927,95.4118,96.8387
928,95.4118,96.8387
929,95.4118,96.8387
930,95.4118,96.8387
931,95.4118,96.8387
932,95.4118,96.8387
933,95.4118,96.8387
934,95.4118,96.8387
935,95.4118,96.8387
936,95.4118,96.8387
937,95.4118,96.8387
938,95.4118,96.8387
939,95.4118,96.8387
940,95.4118,96.8387
941,95.4118,96.8387
942,95.4118,96.8387
943,95.4118,96.8387
944,95.4118,96.8387
945,95.4118,96.871
946,95.4118,96.871
947,95.4118,96.871
948,95.4118,96.871
949,95.4118,96.871
950,95.4118,96.9032
951,95.4118,96.9355
952,95.4118,96.9355
953,95.4118,96.9355
954,95.4118,96.9355
955,95.4118,96.9355
956,95.4118,96.9355
957,95.4118,96.9355
958,95.4118,96.9355
959,95.4118,96.9355
960,95.4118,96.9355
961,95.4118,96.9355
962,95.4118,96.9355
963,95.4118,96.9355
964,95.4118,96.9355
965,95.4118,96.9355
966,95.4118,96.9355
967,95.4118,96.9355
968,95.4118,96.9355
969,95.4118,96.9355
970,95.4118,96.9355
971,95.4118,96.9355
972,95.5294,96.9355
973,95.5294,96.9355
974,95.5294,96.9355
975,95.5294,96.9355
976,95.5294,96.9355
977,95.5294,96.9355
978,95.5294,96.9355
979,95.5294,96.9355
980,95.5294,96.9355
981,95.5294,96.9355
982,95.5294,96.9355
983,95.5294,96.9355
984,95.5294,96.9355
985,95.5294,96.9355
986,95.5294,96.9355
987,95.5294,96.9355
988,95.5294,96.9355
989,95.5294,96.9355
990,95.5294,96.9355
991,95.5294,96.9355
992,95.5294,96.9355
993,95.5294,96.9355
994,95.5294,96.9355
995,95.5294,96.9355
996,95.5294,96.9355
997,95.5294,96.9355
998,95.5294,96.9355
999,95.5294,96.9355
1000,95.5294,96.9355
1001,95.5294,96.9355
1002,95.5294,96.9355
1003,95.5294,96.9355
1004,95.5294,96.9355
1005,95.5294,96.9355
1006,95.5294,96.9355
1007,95.5294,96.9355
1008,95.5294,96.9355
1009,95.5294,96.9355
1010,95.5294,96.9355
1011,95.5294,96.9355
1012,95.5294,96.9355
1013,95.5294,96.9355
1014,95.5294,96.9355
1015,95.5294,96.9355
1016,95.5294,96.9355
1017,95.5294,96.9355
1018,95.5294,96.9355
1019,95.5294,96.9355
1020,95.5294,96.9355
1021,95.5294,96.9677
1022,95.5294,96.9677
1023,95.5294,96.9677
1024,95.5294,96.9677
1025,95.5294,96.9677
1026,95.5294,96.9677
1027,95.5294,96.9677
1028,95.5294,96.9677
1029,95.5294,96.9677
1030,95.5294,96.9677
1031,95.5294,96.9677
1032,95.5294,96.9677
1033,95.5294,96.9677
1034,95.5294,96.9677
1035,95.5294,96.9677
1036,95.5294,96.9677
1037,95.5294,96.9677
1038,95.5294,96.9677
1039,95.5294,96.9677
1040,95.5294,96.9677
1041,95.5294,96.9677
1042,95.5294,96.9677
1043,95.5294,96.9677
1044,95.5294,96.9677
1045,95.5294,96.9677
1046,95.5294,96.9677
1047,95.5294,96.9677
1048,95.5294,97
1049,95.5294,97
1050,95.5294,97
1051,95.5294,97
1052,95.5294,97
1053,95.5294,97
1054,95.5294,97
1055,95.5294,97
1056,95.5294,97
1057,95.5294,97
1058,95.6471,97
1059,95.6471,97
1060,95.6471,97
1061,95.6471,97
1062,95.6471,97
1063,95.6471,97
1064,95.6471,97
1065,95.6471,97
1066,95.6471,97
1067,95.6471,97
1068,95.6471,97
1069,95.6471,97
1070,95.6471,97
1071,95.6471,97
1072,95.6471,97
1073,95.6471,97
1074,95.6471,97
1075,95.6471,97
1076,95.6471,97
1077,95.6471,97
1078,95.6471,97
1079,95.6471,97
1080,95.6471,97
1081,95.6471,97
1082,95.6471,97
1083,95.6471,97
1084,95.6471,97
1085,95.6471,97
1086,95.6471,97
1087,95.6471,97
1088,95.6471,97
1089,95.6471,97
1090,95.6471,97
1091,95.6471,97
1092,95.6471,97
1093,95.6471,97
1094,95.6471,97
1095,95.6471,97
1096,95.6471,97
1097,95.6471,97
1098,95.6471,97
1099,95.6471,97
1100,95.6471,97
1101,95.6471,97
1102,95.6471,97
1103,95.6471,97.0323
1104,95.6471,97.0323
1105,95.6471,97.0323
1106,95.6471,97.0323
1107,95.6471,97.0323
1108,95.6471,97.0323
1109,95.6471,97.0323
1110,95.6471,97.0645
1111,95.6471,97.0645
1112,95.6471,97.0645
1113,95.6471,97.0645
1114,95.6471,97.0645
1115,95.6471,97.0645
1116,95.6471,97.0645
1117,95.6471,97.0645
1118,95.6471,97.0645
1119,95.6471,97.0645
1120,95.6471,97.0645
1121,95.6471,97.0645
1122,95.6471,97.0645
1123,95.6471,97.0645
1124,95.6471,97.0645
1125,95.6471,97.0645
1126,95.6471,97.0645
1127,95.6471,97.0645
1128,95.6471,97.0645
1129,95.6471,97.0645
1130,95.6471,97.0645
1131,95.6471,97.0645
1132,95.6471,97.0645
1133,95.6471,97.0645
1134,95.6471,97.0645
1135,95.6471,97.0645
1136,95.6471,97.0645
1137,95.6471,97.0645
1138,95.6471,97.0645
1139,95.6471,97.0645
1140,95.6471,97.0645
1141,95.6471,97.0645
1142,95.5294,97.0645
1143,95.5294,97.0645
1144,95.5294,97.0645
1145,95.5294,97.0645
1146,95.5294,97.0645
1147,95.5294,97.0645
1148,95.5294,97.0645
1149,95.5294,97.0645
1150,95.5294,97.0645
1151,95.5294,97.0645
1152,95.5294,97.0645
1153,95.5294,97.0645
1154,95.5294,97.0645
1155,95.5294,97.0645
1156,95.5294,97.0645
1157,95.5294,97.0968
1158,95.5294,97.0968
1159,95.5294,97.0968
1160,95.5294,97.0968
1161,95.5294,97.0968
1162,95.5294,97.0968
1163,95.5294,97.0968
1164,95.5294,97.0968
1165,95.5294,97.0968
1166,95.5294,97.0968
1167,95.5294,97.0968
1168,95.5294,97.0968
1169,95.5294,97.0968
1170,95.5294,97.0968
1171,95.5294,97.0968
1172,95.5294,97.0968
1173,95.5294,97.0968
1174,95.5294,97.0968
1175,95.5294,97.0968
1176,95.5294,97.129
1177,95.5294,97.129
1178,95.5294,97.129
1179,95.5294,97.129
1180,95.5294,97.129
1181,95.5294,97.129
1182,95.5294,97.129
1183,95.5294,97.129
1184,95.5294,97.129
1185,95.5294,97.129
1186,95.5294,97.129
1187,95.5294,97.129
1188,95.5294,97.129
1189,95.6471,97.129
1190,95.6471,97.129
1191,95.6471,97.129
1192,95.6471,97.129
1193,95.6471,97.129
1194,95.6471,97.129
1195,95.6471,97.129
1196,95.6471,97.129
1197,95.6471,97.129
1198,95.6471,97.129
1199,95.6471,97.129
1200,95.6471,97.129
1201,95.6471,97.129
1202,95.6471,97.129
1203,95.6471,97.129
1204,95.6471,97.129
1205,95.6471,97.129
1206,95.6471,97.129
1207,95.7647,97.129
1208,95.7647,97.129
1209,95.7647,97.129
1210,95.7647,97.129
1211,95.7647,97.129
1212,95.7647,97.1613
1213,95.7647,97.1613
1214,95.7647,97.1613
1215,95.7647,97.1613
1216,95.7647,97.1613
1217,95.7647,97.1613
1218,95.7647,97.1613
1219,95.7647,97.1613
1220,95.7647,97.1613
1221,95.7647,97.1613
1222,95.7647,97.1613
1223,95.7647,97.1613
1224,95.7647,97.1613
1225,95.7647,97.1613
1226,95.7647,97.1613
1227,95.7647,97.1613
1228,95.7647,97.1613
1229,95.7647,97.1613
1230,95.7647,97.1935
1231,95.7647,97.1935
1232,95.7647,97.1935
1233,95.7647,97.1935
1234,95.7647,97.1935
1235,95.7647,97.1935
1236,95.7647,97.1935
1237,95.7647,97.1935
1238,95.7647,97.1935
1239,95.7647,97.1935
1240,95.7647,97.1935
1241,95.7647,97.1935
1242,95.7647,97.1935
1243,95.7647,97.1935
1244,95.7647,97.1935
1245,95.7647,97.1935
1246,95.7647,97.1935
1247,95.7647,97.1935
1248,95.7647,97.1935
1249,95.7647,97.1935
1250,95.7647,97.1935
1251,95.7647,97.1935
1252,95.7647,97.1935
1253,95.7647,97.1935
1254,95.7647,97.1935
1255,95.7647,97.1935
1256,95.7647,97.1935
1257,95.7647,97.1935
1258,95.7647,97.1935
1259,95.7647,97.1935
1260,95.7647,97.1935
1261,95.7647,97.1935
1262,95.7647,97.1935
1263,95.7647,97.1935
1264,95.7647,97.1935
1265,95.7647,97.1935
1266,95.7647,97.1935
1267,95.7647,97.1935
1268,95.7647,97.1935
1269,95.7647,97.1935
1270,95.7647,97.1935
1271,95.7647,97.1935
1272,95.7647,97.1935
1273,95.7647,97.1935
1274,95.7647,97.1935
1275,95.7647,97.1935
1276,95.7647,97.1935
1277,95.7647,97.1935
1278,95.7647,97.1935
1279,95.7647,97.1935
1280,95.7647,97.1935
1281,95.7647,97.1935
1282,95.7647,97.1935
1283,95.7647,97.1935
1284,95.7647,97.1935
1285,95.7647,97.1935
1286,95.7647,97.1935
1287,95.7647,97.1935
1288,95.7647,97.1935
1289,95.7647,97.2258
1290,95.7647,97.2258
1291,95.7647,97.2258
1292,95.7647,97.2258
1293,95.7647,97.2258
1294,95.7647,97.2258
1295,95.7647,97.2258
1296,95.7647,97.2258
1297,95.7647,97.2258
1298,95.7647,97.2258
1299,95.7647,97.2258
1300,95.7647,97.2258
1301,95.7647,97.2258
1302,95.7647,97.2258
1303,95.7647,97.2258
1304,95.7647,97.2581
1305,95.7647,97.2581
1306,95.7647,97.2581
1307,95.7647,97.2581
1308,95.7647,97.2581
1309,95.7647,97.2581
1310,95.7647,97.2581
1311,95.7647,97.2581
1312,95.7647,97.2581
1313,95.7647,97.2581
1314,95.7647,97.2581
1315,95.7647,97.2581
1316,95.7647,97.2581
1317,95.7647,97.2581
1318,95.7647,97.2581
1319,95.7647,97.2581
1320,95.7647,97.2581
1321,95.7647,97.2581
1322,95.7647,97.2581
1323,95.7647,97.2581
1324,95.7647,97.2581
1325,95.7647,97.2581
1326,95.7647,97.2581
1327,95.7647,97.2581
1328,95.7647,97.2581
1329,95.7647,97.2581
1330,95.7647,97.2581
1331,95.7647,97.2581
1332,95.7647,97.2581
1333,95.7647,97.2581
1334,95.7647,97.2581
1335,95.7647,97.2581
1336,95.7647,97.2581
1337,95.7647,97.2581
1338,95.6471,97.2581
1339,95.6471,97.2581
1340,95.6471,97.2581
1341,95.6471,97.2581
1342,95.6471,97.2581
1343,95.6471,97.2581
1344,95.6471,97.2581
1345,95.6471,97.2581
1346,95.6471,97.2581
1347,95.6471,97.2581
1348,95.6471,97.2581
1349,95.6471,97.2581
1350,95.6471,97.2581
1351,95.6471,97.2581
1352,95.6471,97.2581
1353,95.6471,97.2581
1354,95.6471,97.2581
1355,95.6471,97.2581
1356,95.6471,97.2581
1357,95.6471,97.2581
1358,95.6471,97.2581
1359,95.6471,97.2581
1360,95.6471,97.2581
1361,95.6471,97.2581
1362,95.6471,97.2581
1363,95.6471,97.2581
1364,95.6471,97.2581
1365,95.6471,97.2581
1366,95.6471,97.2581
1367,95.6471,97.2581
1368,95.6471,97.2581
1369,95.6471,97.2581
1370,95.6471,97.2581
1371,95.6471,97.2581
1372,95.6471,97.2581
1373,95.6471,97.2581
1374,95.6471,97.2581
1375,95.6471,97.2581
1376,95.6471,97.2581
1377,95.6471,97.2581
1378,95.6471,97.2581
1379,95.6471,97.2581
1380,95.6471,97.2581
1381,95.6471,97.2581
1382,95.6471,97.2581
1383,95.6471,97.2581
1384,95.6471,97.2581
1385,95.6471,97.2581
1386,95.6471,97.2581
1387,95.6471,97.2581
1388,95.6471,97.2581
1389,95.6471,97.2581
1390,95.6471,97.2581
1391,95.6471,97.2581
1392,95.6471,97.2581
1393,95.6471,97.2581
1394,95.6471,97.2581
1395,95.6471,97.2581
1396,95.6471,97.2581
1397,95.6471,97.2581
1398,95.6471,97.2581
1399,95.6471,97.2581
1400,95.6471,97.2581
1401,95.6471,97.2581
1402,95.6471,97.2581
1403,95.6471,97.2581
1404,95.6471,97.2581
1405,95.6471,97.2581
1406,95.6471,97.2581
1407,95.6471,97.2581
1408,95.6471,97.2581
1409,95.6471,97.2581
1410,95.6471,97.2581
1411,95.6471,97.2581
1412,95.6471,97.2581
1413,95.6471,97.2581
1414,95.6471,97.2903
1415,95.6471,97.2903
1416,95.6471,97.2903
1417,95.6471,97.2903
1418,95.6471,97.3226
1419,95.6471,97.3226
1420,95.6471,97.3226
1421,95.6471,97.3226
1422,95.6471,97.3226
1423,95.6471,97.3226
1424,95.6471,97.3226
1425,95.6471,97.3226
1426,95.6471,97.3226
1427,95.6471,97.3226
1428,95.6471,97.3226
1429,95.6471,97.3226
1430,95.6471,97.3226
1431,95.6471,97.3226
1432,95.6471,97.3226
1433,95.6471,97.3226
1434,95.6471,97.3226
1435,95.6471,97.3226
1436,95.6471,97.3226
1437,95.6471,97.3226
1438,95.6471,97.3226
1439,95.6471,97.3226
1440,95.6471,97.3226
1441,95.6471,97.3226
1442,95.6471,97.3226
1443,95.6471,97.3226
1444,95.6471,97.3226
1445,95.6471,97.3226
1446,95.6471,97.3226
1447,95.6471,97.3226
1448,95.6471,97.3226
1449,95.6471,97.3226
1450,95.6471,97.3226
1451,95.6471,97.3226
1452,95.6471,97.3226
1453,95.6471,97.3548
1454,95.6471,97.3548
1455,95.6471,97.3548
1456,95.6471,97.3548
1457,95.6471,97.3548
1458,95.6471,97.3548
1459,95.6471,97.3548
1460,95.6471,97.3548
1461,95.6471,97.3548
1462,95.6471,97.3548
1463,95.6471,97.3548
1464,95.6471,97.3548
1465,95.6471,97.3548
1466,95.6471,97.3548
1467,95.6471,97.3548
1468,95.6471,97.3548
1469,95.6471,97.3548
1470,95.6471,97.3548
1471,95.6471,97.3548
1472,95.6471,97.3548
1473,95.6471,97.3548
1474,95.6471,97.3548
1475,95.6471,97.3548
1476,95.6471,97.3548
1477,95.6471,97.3548
1478,95.6471,97.3548
1479,95.6471,97.3548
1480,95.6471,97.3548
1481,95.6471,97.3548
1482,95.6471,97.3548
1483,95.6471,97.3548
1484,95.6471,97.3548
1485,95.6471,97.3548
1486,95.6471,97.3548
1487,95.6471,97.3548
1488,95.6471,97.3548
1489,95.6471,97.3548
1490,95.6471,97.3548
1491,95.6471,97.3548
1492,95.6471,97.3548
1493,95.6471,97.3548
1494,95.6471,97.3548
1495,95.6471,97.3548
1496,95.6471,97.3548
1497,95.6471,97.3548
1498,95.6471,97.3548
1499,95.6471,97.3548
1500,95.6471,97.3548
1501,95.6471,97.3548
1502,95.6471,97.3548
1503,95.6471,97.3548
1504,95.6471,97.3548
1505,95.6471,97.3548
1506,95.6471,97.3548
1507,95.6471,97.3548
1508,95.6471,97.3548
1509,95.6471,97.3548
1510,95.6471,97.3548
1511,95.6471,97.3548
1512,95.6471,97.3548
1513,95.6471,97.3548
1514,95.6471,97.3548
1515,95.6471,97.3548
1516,95.6471,97.3548
1517,95.6471,97.3548
1518,95.6471,97.3548
1519,95.6471,97.3548
1520,95.6471,97.3548
1521,95.6471,97.3548
1522,95.6471,97.3548
1523,95.6471,97.3548
1524,95.6471,97.3548
1525,95.6471,97.3548
1526,95.6471,97.3548
1527,95.6471,97.3548
1528,95.6471,97.3548
1529,95.6471,97.3548
1530,95.6471,97.3548
1531,95.6471,97.3548
1532,95.6471,97.3548
1533,95.6471,97.3548
1534,95.6471,97.3548
1535,95.6471,97.3548
1536,95.6471,97.3548
1537,95.6471,97.3548
1538,95.6471,97.3548
1539,95.6471,97.3548
1540,95.6471,97.3548
1541,95.6471,97.3548
1542,95.6471,97.3548
1543,95.6471,97.3548
1544,95.6471,97.3548
1545,95.6471,97.3548
1546,95.6471,97.3548
1547,95.6471,97.3548
1548,95.6471,97.3548
1549,95.6471,97.3548
1550,95.6471,97.3548
1551,95.6471,97.3548
1552,95.6471,97.3548
1553,95.6471,97.3548
1554,95.6471,97.3548
1555,95.6471,97.3548
1556,95.6471,97.3548
1557,95.6471,97.3548
1558,95.6471,97.3548
1559,95.6471,97.3548
1560,95.6471,97.3548
1561,95.6471,97.3548
1562,95.6471,97.3548
1563,95.6471,97.3548
1564,95.6471,97.3548
1565,95.6471,97.3548
1566,95.6471,97.3548
1567,95.6471,97.3548
1568,95.6471,97.3548
1569,95.6471,97.3548
1570,95.6471,97.3548
1571,95.6471,97.3548
1572,95.6471,97.3548
1573,95.6471,97.3548
1574,95.6471,97.3548
1575,95.6471,97.3548
1576,95.6471,97.3548
1577,95.6471,97.3548
1578,95.6471,97.3548
1579,95.6471,97.3548
1580,95.6471,97.3548
1581,95.6471,97.3548
1582,95.6471,97.3548
1583,95.6471,97.3548
1584,95.6471,97.3548
1585,95.6471,97.3548
1586,95.6471,97.3548
1587,95.6471,97.3548
1588,95.6471,97.3548
1589,95.6471,97.3548
1590,95.6471,97.3548
1591,95.6471,97.3548
1592,95.6471,97.3548
1593,95.6471,97.3548
1594,95.6471,97.3548
1595,95.6471,97.3548
1596,95.6471,97.3548
1597,95.6471,97.3548
1598,95.6471,97.3548
1599,95.6471,97.3548
1600,95.6471,97.3548
1601,95.6471,97.3548
1602,95.6471,97.3548
1603,95.6471,97.3548
1604,95.6471,97.3548
1605,95.6471,97.3548
1606,95.6471,97.3548
1607,95.6471,97.3548
1608,95.6471,97.3548
1609,95.6471,97.3548
1610,95.6471,97.3548
1611,95.6471,97.3871
1612,95.6471,97.3871
1613,95.6471,97.3871
1614,95.7647,97.3871
1615,95.7647,97.3871
1616,95.7647,97.3871
1617,95.7647,97.3871
1618,95.7647,97.3871
1619,95.7647,97.3871
1620,95.7647,97.3871
1621,95.7647,97.3871
1622,95.7647,97.3871
1623,95.7647,97.3871
1624,95.7647,97.3871
1625,95.7647,97.3871
1626,95.7647,97.3871
1627,95.7647,97.3871
1628,95.7647,97.3871
1629,95.7647,97.4194
1630,95.7647,97.4194
1631,95.7647,97.4194
1632,95.7647,97.4194
1633,95.7647,97.4194
1634,95.7647,97.4194
1635,95.7647,97.4194
1636,95.7647,97.4194
1637,95.7647,97.4194
1638,95.8824,97.4194
1639,95.8824,97.4194
1640,95.8824,97.4194
1641,95.8824,97.4194
1642,95.8824,97.4194
1643,95.8824,97.4194
1644,95.8824,97.4194
1645,95.8824,97.4194
1646,95.8824,97.4194
1647,95.8824,97.4194
1648,95.8824,97.4194
1649,95.8824,97.4194
1650,95.8824,97.4194
1651,95.8824,97.4194
1652,95.8824,97.4194
1653,95.8824,97.4194
1654,95.8824,97.4194
1655,95.8824,97.4194
1656,95.8824,97.4194
1657,95.8824,97.4194
1658,95.8824,97.4194
1659,95.8824,97.4194
1660,95.8824,97.4194
1661,95.8824,97.4194
1662,95.8824,97.4194
1663,95.8824,97.4194
1664,95.8824,97.4194
1665,95.8824,97.4194
1666,95.8824,97.4194
1667,95.8824,97.4194
1668,95.8824,97.4194
1669,95.8824,97.4194
1670,95.8824,97.4194
1671,95.8824,97.4194
1672,95.8824,97.4194
1673,95.8824,97.4194
1674,95.8824,97.4194
1675,95.8824,97.4194
1676,95.8824,97.4194
1677,95.8824,97.4194
1678,95.8824,97.4194
1679,95.8824,97.4194
1680,95.8824,97.4194
1681,95.8824,97.4194
1682,95.8824,97.4194
1683,95.8824,97.4194
1684,96,97.4194
1685,96,97.4194
1686,96,97.4194
1687,96,97.4194
1688,96,97.4194
1689,96,97.4194
1690,96,97.4194
1691,96,97.4194
1692,96,97.4194
1693,96,97.4194
1694,96,97.4194
1695,96,97.4194
1696,96,97.4194
1697,96,97.4194
1698,96,97.4194
1699,96,97.4194
1700,96,97.4194
1701,96,97.4194
1702,96,97.4194
1703,96,97.4194
1704,96,97.4194
1705,96,97.4194
1706,96,97.4194
1707,96,97.4194
1708,96,97.4194
1709,96,97.4194
1710,96,97.4194
1711,96,97.4194
1712,96,97.4194
1713,96,97.4194
1714,96,97.4194
1715,96,97.4194
1716,96,97.4194
1717,96,97.4194
1718,96,97.4194
1719,96,97.4194
1720,96,97.4194
1721,96,97.4194
1722,96,97.4194
1723,96,97.4194
1724,96,97.4194
1725,96.1176,97.4194
1726,96.1176,97.4194
1727,96.1176,97.4194
1728,96.1176,97.4194
1729,96.1176,97.4194
1730,96.1176,97.4194
1731,96.1176,97.4194
1732,96.1176,97.4194
1733,96.1176,97.4194
1734,96.1176,97.4194
1735,96.1176,97.4194
1736,96.1176,97.4194
1737,96.1176,97.4194
1738,96.1176,97.4194
1739,96.1176,97.4194
1740,96.1176,97.4194
1741,96.1176,97.4194
1742,96.1176,97.4194
1743,96.1176,97.4194
1744,96.1176,97.4194
1745,96.1176,97.4194
1746,96.1176,97.4194
1747,96.1176,97.4194
1748,96.1176,97.4194
1749,96.1176,97.4194
1750,96.1176,97.4194
1751,96.1176,97.4194
1752,96.1176,97.4194
1753,96.1176,97.4194
1754,96.1176,97.4194
1755,96.1176,97.4194
1756,96.1176,97.4194
1757,96.1176,97.4194
1758,96.1176,97.4194
1759,96.1176,97.4194
1760,96.1176,97.4194
1761,96.1176,97.4194
1762,96.1176,97.4194
1763,96.1176,97.4194
1764,96.1176,97.4194
1765,96.1176,97.4194
1766,96.1176,97.4194
1767,96.1176,97.4194
1768,96.1176,97.4194
1769,96.1176,97.4194
1770,96.1176,97.4194
1771,96.1176,97.4194
1772,96.1176,97.4194
1773,96.1176,97.4194
1774,96.1176,97.4194
1775,96.1176,97.4194
1776,96.1176,97.4194
1777,96.1176,97.4194
1778,96.1176,97.4194
1779,96.1176,97.4194
1780,96.1176,97.4194
1781,96.1176,97.4194
1782,96.1176,97.4194
1783,96.1176,97.4516
1784,96.1176,97.4516
1785,96.1176,97.4516
1786,96,97.4516
1787,96,97.4516
1788,96,97.4516
1789,96,97.4516
1790,96,97.4516
1791,96,97.4516
1792,96,97.4516
1793,96,97.4516
1794,96,97.4516
1795,96,97.4516
1796,96,97.4516
1797,96,97.4516
1798,96,97.4516
1799,96,97.4516
1800,96,97.4516
1801,96,97.4516
1802,96,97.4516
1803,96,97.4516
1804,96,97.4516
1805,96,97.4516
1806,96,97.4516
1807,96,97.4516
1808,96.1176,97.4516
1809,96.1176,97.4516
1810,96.1176,97.4516
1811,96.1176,97.4516
1812,96.1176,97.4516
1813,96.1176,97.4516
1814,96.1176,97.4516
1815,96.1176,97.4516
1816,96.1176,97.4516
1817,96.1176,97.4516
1818,96.1176,97.4516
1819,96.1176,97.4516
1820,96.1176,97.4516
1821,96.1176,97.4516
1822,96.1176,97.4516
1823,96.1176,97.4516
1824,96.1176,97.4516
1825,96.1176,97.4516
1826,96.1176,97.4516
1827,96.1176,97.4516
1828,96.1176,97.4516
1829,96.1176,97.4516
1830,96.1176,97.4516
1831,96.1176,97.4516
1832,96.1176,97.4516
1833,96.1176,97.4516
1834,96.1176,97.4516
1835,96.1176,97.4516
1836,96.1176,97.4516
1837,96.1176,97.4516
1838,96.1176,97.4516
1839,96.1176,97.4516
1840,96.1176,97.4516
1841,96.1176,97.4516
1842,96.1176,97.4516
1843,96.1176,97.4516
1844,96.1176,97.4516
1845,96.1176,97.4516
1846,96.1176,97.4516
1847,96.1176,97.4516
1848,96.1176,97.4516
1849,96.1176,97.4516
1850,96.1176,97.4516
1851,96.1176,97.4516
1852,96.1176,97.4516
1853,96.1176,97.4516
1854,96.1176,97.4516
1855,96.1176,97.4516
1856,96.1176,97.4516
1857,96.1176,97.4516
1858,96.1176,97.4516
1859,96.1176,97.4516
1860,96.1176,97.4516
1861,96.1176,97.4516
1862,96.1176,97.4516
1863,96.1176,97.4516
1864,96.1176,97.4516
1865,96.1176,97.4516
1866,96.1176,97.4516
1867,96.1176,97.4516
1868,96.1176,97.4516
1869,96.2353,97.4516
1870,96.2353,97.4516
1871,96.2353,97.4516
1872,96.2353,97.4516
1873,96.2353,97.4516
1874,96.2353,97.4516
1875,96.2353,97.4516
1876,96.2353,97.4516
1877,96.2353,97.4516
1878,96.2353,97.4516
1879,96.2353,97.4516
1880,96.2353,97.4516
1881,96.2353,97.4516
1882,96.2353,97.4516
1883,96.2353,97.4516
1884,96.2353,97.4516
1885,96.2353,97.4516
1886,96.2353,97.4516
1887,96.2353,97.4516
1888,96.2353,97.4516
1889,96.2353,97.4516
1890,96.2353,97.4516
1891,96.2353,97.4516
1892,96.2353,97.4516
1893,96.2353,97.4516
1894,96.2353,97.4839
1895,96.2353,97.4839
1896,96.2353,97.4839
1897,96.2353,97.4839
1898,96.2353,97.4839
1899,96.2353,97.4839
1900,96.2353,97.4839
1901,96.2353,97.4839
1902,96.2353,97.5161
1903,96.2353,97.5161
1904,96.2353,97.5161
1905,96.2353,97.5161
1906,96.2353,97.5161
1907,96.2353,97.5161
1908,96.2353,97.5161
1909,96.2353,97.5161
1910,96.2353,97.5161
1911,96.2353,97.5161
1912,96.2353,97.5161
1913,96.2353,97.5161
1914,96.2353,97.5161
1915,96.2353,97.5161
1916,96.2353,97.5161
1917,96.2353,97.5161
1918,96.2353,97.5161
1919,96.2353,97.5161
1920,96.2353,97.5161
1921,96.2353,97.5161
1922,96.2353,97.5161
1923,96.2353,97.5161
1924,96.2353,97.5161
1925,96.2353,97.5161
1926,96.2353,97.5161
1927,96.2353,97.5161
1928,96.2353,97.5161
1929,96.2353,97.5161
1930,96.2353,97.5161
1931,96.2353,97.5161
1932,96.2353,97.5161
1933,96.2353,97.5161
1934,96.2353,97.5484
1935,96.2353,97.5484
1936,96.2353,97.5484
1937,96.2353,97.5484
1938,96.2353,97.5484
1939,96.2353,97.5484
1940,96.2353,97.5484
1941,96.2353,97.5484
1942,96.2353,97.5484
1943,96.2353,97.5484
1944,96.2353,97.5484
1945,96.2353,97.5484
1946,96.2353,97.5484
1947,96.2353,97.5484
1948,96.2353,97.5484
1949,96.2353,97.5484
1950,96.2353,97.5484
1951,96.2353,97.5484
1952,96.2353,97.5484
1953,96.2353,97.5484
1954,96.2353,97.5484
1955,96.2353,97.5484
1956,96.2353,97.5484
1957,96.2353,97.5484
1958,96.2353,97.5484
1959,96.2353,97.5484
1960,96.2353,97.5484
1961,96.2353,97.5484
1962,96.2353,97.5484
1963,96.3529,97.5484
1964,96.3529,97.5484
1965,96.3529,97.5484
1966,96.3529,97.5484
1967,96.3529,97.5484
1968,96.3529,97.5484
1969,96.3529,97.5484
1970,96.3529,97.5484
1971,96.3529,97.5484
1972,96.3529,97.5484
1973,96.3529,97.5484
1974,96.3529,97.5484
1975,96.3529,97.5484
1976,96.3529,97.5484
1977,96.3529,97.5484
1978,96.3529,97.5484
1979,96.3529,97.5484
1980,96.3529,97.5484
1981,96.3529,97.5484
1982,96.3529,97.5484
1983,96.3529,97.5484
1984,96.3529,97.5484
1985,96.3529,97.5161
1986,96.3529,97.5161
1987,96.3529,97.5161
1988,96.3529,97.5161
1989,96.3529,97.5161
1990,96.3529,97.5161
1991,96.3529,97.5161
1992,96.3529,97.5161
1993,96.3529,97.5161
1994,96.3529,97.5161
1995,96.3529,97.5161
1996,96.3529,97.5161
1997,96.3529,97.5161
1998,96.3529,97.5161
1999,96.3529,97.5161
2000,96.3529,97.5161
2001,96.3529,97.5161
2002,96.3529,97.5161
2003,96.3529,97.5161
2004,96.3529,97.5161
2005,96.3529,97.5161
2006,96.3529,97.5161
2007,96.3529,97.5161
2008,96.3529,97.5161
2009,96.3529,97.5161
2010,96.3529,97.5161
2011,96.3529,97.5161
2012,96.3529,97.5161
2013,96.3529,97.5161
2014,96.3529,97.5161
2015,96.3529,97.5161
2016,96.3529,97.5161
2017,96.3529,97.5161
2018,96.3529,97.5161
2019,96.3529,97.5161
2020,96.3529,97.5161
2021,96.3529,97.5161
2022,96.3529,97.5161
2023,96.3529,97.5161
2024,96.3529,97.5161
2025,96.3529,97.5161
2026,96.3529,97.5161
2027,96.3529,97.5161
2028,96.3529,97.5161
2029,96.3529,97.5161
2030,96.3529,97.5161
2031,96.3529,97.5161
2032,96.3529,97.5161
2033,96.3529,97.5161
2034,96.3529,97.5161
2035,96.3529,97.5161
2036,96.3529,97.5161
2037,96.3529,97.5161
2038,96.3529,97.5161
2039,96.3529,97.5161
2040,96.3529,97.5161
2041,96.3529,97.5161
2042,96.3529,97.5161
2043,96.3529,97.5161
2044,96.3529,97.5161
2045,96.3529,97.5161
2046,96.3529,97.5161
2047,96.3529,97.5161
2048,96.3529,97.5161
2049,96.3529,97.5161
2050,96.3529,97.5161
2051,96.3529,97.5161
2052,96.3529,97.5161
2053,96.3529,97.5161
2054,96.3529,97.5161
2055,96.3529,97.5161
2056,96.3529,97.5161
2057,96.3529,97.5161
2058,96.3529,97.5161
2059,96.3529,97.5161
2060,96.3529,97.5161
2061,96.3529,97.5161
2062,96.3529,97.5161
2063,96.3529,97.5161
2064,96.3529,97.5161
2065,96.3529,97.5161
2066,96.3529,97.5161
2067,96.3529,97.5161
2068,96.3529,97.5161
2069,96.3529,97.5161
2070,96.3529,97.5161
2071,96.3529,97.5161
2072,96.3529,97.5161
2073,96.4706,97.5161
2074,96.4706,97.5484
2075,96.4706,97.5484
2076,96.4706,97.5484
2077,96.4706,97.5484
2078,96.4706,97.5484
2079,96.4706,97.5484
2080,96.4706,97.5484
2081,96.4706,97.5484
2082,96.4706,97.5484
2083,96.4706,97.5484
2084,96.4706,97.5484
2085,96.5882,97.5484
2086,96.5882,97.5484
2087,96.5882,97.5484
2088,96.5882,97.5484
2089,96.5882,97.5484
2090,96.5882,97.5484
2091,96.5882,97.5484
2092,96.5882,97.5484
2093,96.5882,97.5484
2094,96.5882,97.5484
2095,96.5882,97.5484
2096,96.5882,97.5484
2097,96.5882,97.5484
2098,96.5882,97.5484
2099,96.5882,97.5484
2100,96.5882,97.5484
2101,96.5882,97.5484
2102,96.5882,97.5484
2103,96.5882,97.5484
2104,96.5882,97.5484
2105,96.5882,97.5484
2106,96.5882,97.5484
2107,96.5882,97.5484
2108,96.5882,97.5484
2109,96.5882,97.5484
2110,96.4706,97.5484
2111,96.4706,97.5484
2112,96.4706,97.5484
2113,96.4706,97.5484
2114,96.4706,97.5484
2115,96.4706,97.5484
2116,96.4706,97.5484
2117,96.4706,97.5484
2118,96.4706,97.5484
2119,96.4706,97.5484
2120,96.4706,97.5806
2121,96.4706,97.5806
2122,96.4706,97.5806
2123,96.4706,97.5806
2124,96.4706,97.5806
2125,96.4706,97.5806
2126,96.4706,97.5806
2127,96.4706,97.5806
2128,96.4706,97.5806
2129,96.4706,97.5806
2130,96.4706,97.5806
2131,96.4706,97.5806
2132,96.4706,97.5806
2133,96.4706,97.5806
2134,96.4706,97.5806
2135,96.4706,97.5806
2136,96.4706,97.5806
2137,96.4706,97.5806
2138,96.4706,97.5806
2139,96.4706,97.5806
2140,96.4706,97.5806
2141,96.4706,97.5806
2142,96.4706,97.5806
2143,96.4706,97.5806
2144,96.4706,97.5806
2145,96.4706,97.5806
2146,96.4706,97.5806
2147,96.4706,97.5806
2148,96.4706,97.5806
2149,96.4706,97.5806
2150,96.4706,97.5806
2151,96.4706,97.5806
2152,96.4706,97.5806
2153,96.4706,97.5806
2154,96.4706,97.5806
2155,96.4706,97.5806
2156,96.4706,97.5806
2157,96.4706,97.5806
2158,96.4706,97.5806
2159,96.4706,97.5806
2160,96.4706,97.5806
2161,96.4706,97.5806
2162,96.4706,97.5806
2163,96.4706,97.5806
2164,96.4706,97.5806
2165,96.4706,97.5806
2166,96.4706,97.5806
2167,96.4706,97.5806
2168,96.4706,97.5806
2169,96.4706,97.5806
2170,96.4706,97.5806
2171,96.4706,97.5806
2172,96.4706,97.5806
2173,96.4706,97.5806
2174,96.4706,97.5806
2175,96.4706,97.5806
2176,96.4706,97.5806
2177,96.4706,97.5806
2178,96.4706,97.5806
2179,96.4706,97.5806
2180,96.4706,97.5806
2181,96.4706,97.5806
2182,96.4706,97.6129
2183,96.4706,97.6129
2184,96.4706,97.6129
2185,96.4706,97.6129
2186,96.4706,97.6129
2187,96.4706,97.6129
2188,96.4706,97.6129
2189,96.4706,97.6129
2190,96.4706,97.6129
2191,96.4706,97.6129
2192,96.4706,97.6129
2193,96.4706,97.6129
2194,96.4706,97.6129
2195,96.4706,97.6129
2196,96.4706,97.6129
2197,96.4706,97.6129
2198,96.4706,97.6129
2199,96.4706,97.6129
2200,96.4706,97.6129
2201,96.4706,97.6129
2202,96.4706,97.6129
2203,96.4706,97.6129
2204,96.4706,97.6129
2205,96.4706,97.6129
2206,96.4706,97.6129
2207,96.4706,97.6129
2208,96.4706,97.6129
2209,96.4706,97.6129
2210,96.5882,97.6129
2211,96.5882,97.6129
2212,96.5882,97.6129
2213,96.5882,97.6129
2214,96.5882,97.6129
2215,96.5882,97.6129
2216,96.5882,97.6129
2217,96.5882,97.6129
2218,96.5882,97.6129
2219,96.5882,97.6129
2220,96.5882,97.6129
2221,96.5882,97.6129
2222,96.5882,97.6129
2223,96.5882,97.6129
2224,96.5882,97.6129
2225,96.5882,97.6129
2226,96.5882,97.6129
2227,96.5882,97.6129
2228,96.5882,97.6129
2229,96.5882,97.6129
2230,96.5882,97.6129
2231,96.5882,97.6129
2232,96.5882,97.6129
2233,96.5882,97.6129
2234,96.5882,97.6129
2235,96.5882,97.6129
2236,96.5882,97.6129
2237,96.5882,97.6129
2238,96.5882,97.6129
2239,96.5882,97.6129
2240,96.5882,97.6129
2241,96.5882,97.6129
2242,96.5882,97.6129
2243,96.5882,97.6129
2244,96.5882,97.6129
2245,96.5882,97.6129
2246,96.5882,97.6129
2247,96.5882,97.6129
2248,96.5882,97.6129
2249,96.5882,97.6129
2250,96.5882,97.6129
2251,96.5882,97.6129
2252,96.5882,97.6129
2253,96.5882,97.6129
2254,96.5882,97.6129
2255,96.5882,97.6129
2256,96.5882,97.6129
2257,96.5882,97.6129
2258,96.5882,97.6129
2259,96.5882,97.6129
2260,96.5882,97.6129
2261,96.5882,97.6129
2262,96.5882,97.6129
2263,96.5882,97.6129
2264,96.5882,97.6129
2265,96.5882,97.6129
2266,96.5882,97.6129
2267,96.5882,97.6129
2268,96.5882,97.6129
2269,96.5882,97.6129
2270,96.5882,97.6129
2271,96.5882,97.6129
2272,96.5882,97.6129
2273,96.5882,97.6129
2274,96.5882,97.6129
2275,96.5882,97.6129
2276,96.5882,97.6129
2277,96.5882,97.6129
2278,96.5882,97.6129
2279,96.5882,97.6129
2280,96.5882,97.6129
2281,96.5882,97.6129
2282,96.5882,97.6129
2283,96.5882,97.6129
2284,96.5882,97.6129
2285,96.5882,97.6129
2286,96.5882,97.6129
2287,96.5882,97.6129
2288,96.5882,97.6129
2289,96.5882,97.6129
2290,96.5882,97.6129
2291,96.5882,97.6129
2292,96.5882,97.6129
2293,96.5882,97.6129
2294,96.5882,97.6129
2295,96.5882,97.6129
2296,96.5882,97.6129
2297,96.5882,97.6129
2298,96.5882,97.6129
2299,96.5882,97.6129
2300,96.5882,97.6129
2301,96.5882,97.6452
2302,96.5882,97.6452
2303,96.5882,97.6452
2304,96.5882,97.6452
2305,96.5882,97.6452
2306,96.5882,97.6452
2307,96.5882,97.6452
2308,96.5882,97.6452
2309,96.5882,97.6452
2310,96.5882,97.6452
2311,96.5882,97.6452
2312,96.5882,97.6452
2313,96.5882,97.6452
2314,96.5882,97.6452
2315,96.5882,97.6452
2316,96.5882,97.6452
2317,96.5882,97.6452
2318,96.5882,97.6452
2319,96.5882,97.6774
2320,96.5882,97.6774
2321,96.5882,97.6774
2322,96.5882,97.6774
2323,96.5882,97.6774
2324,96.5882,97.6774
2325,96.5882,97.6774
2326,96.5882,97.6774
2327,96.5882,97.6774
2328,96.5882,97.6774
2329,96.5882,97.6774
2330,96.5882,97.6774
2331,96.5882,97.6774
2332,96.5882,97.6774
2333,96.5882,97.6774
2334,96.5882,97.6774
2335,96.5882,97.6774
2336,96.5882,97.6774
2337,96.5882,97.7097
2338,96.5882,97.7097
2339,96.5882,97.7097
2340,96.5882,97.7097
2341,96.5882,97.7097
2342,96.5882,97.7097
2343,96.5882,97.7097
2344,96.5882,97.7097
2345,96.5882,97.7097
2346,96.5882,97.7097
2347,96.5882,97.7097
2348,96.5882,97.7097
2349,96.5882,97.7097
2350,96.5882,97.7097
2351,96.5882,97.7097
2352,96.5882,97.7097
2353,96.5882,97.7097
2354,96.5882,97.7097
2355,96.5882,97.7097
2356,96.5882,97.7097
2357,96.5882,97.7097
2358,96.5882,97.7097
2359,96.5882,97.7097
2360,96.5882,97.7097
2361,96.5882,97.7097
2362,96.5882,97.7097
2363,96.5882,97.7097
2364,96.5882,97.7097
2365,96.5882,97.7097
2366,96.5882,97.7097
2367,96.5882,97.7097
2368,96.5882,97.7097
2369,96.5882,97.7097
2370,96.5882,97.7097
2371,96.5882,97.7097
2372,96.5882,97.7097
2373,96.5882,97.7097
2374,96.5882,97.7097
2375,96.5882,97.7097
2376,96.5882,97.7097
2377,96.5882,97.7097
2378,96.5882,97.7097
2379,96.5882,97.7097
2380,96.5882,97.7097
2381,96.5882,97.7097
2382,96.5882,97.7097
2383,96.5882,97.7097
2384,96.5882,97.7097
2385,96.5882,97.7097
2386,96.5882,97.7097
2387,96.5882,97.7097
2388,96.5882,97.7097
2389,96.5882,97.7097
2390,96.5882,97.7097
2391,96.5882,97.7097
2392,96.5882,97.7097
2393,96.5882,97.7097
2394,96.5882,97.7097
2395,96.5882,97.7097
2396,96.5882,97.7097
2397,96.5882,97.7097
2398,96.5882,97.7097
2399,96.5882,97.7097
2400,96.5882,97.7097
2401,96.5882,97.7097
2402,96.5882,97.7097
2403,96.5882,97.7097
2404,96.5882,97.7097
2405,96.5882,97.7097
2406,96.5882,97.7097
2407,96.5882,97.7097
2408,96.5882,97.7097
2409,96.5882,97.7097
2410,96.5882,97.7097
2411,96.5882,97.7097
2412,96.5882,97.7097
2413,96.5882,97.7097
2414,96.5882,97.7097
2415,96.5882,97.7097
2416,96.5882,97.7097
2417,96.5882,97.7097
2418,96.5882,97.7097
2419,96.5882,97.7097
2420,96.5882,97.7097
2421,96.5882,97.7097
2422,96.5882,97.7097
2423,96.5882,97.7097
2424,96.5882,97.7097
2425,96.5882,97.7097
2426,96.5882,97.7097
2427,96.5882,97.7097
2428,96.5882,97.7097
2429,96.5882,97.7097
2430,96.5882,97.7097
2431,96.5882,97.7097
2432,96.5882,97.7097
2433,96.5882,97.7097
2434,96.5882,97.7097
2435,96.5882,97.7097
2436,96.5882,97.7097
2437,96.5882,97.7097
2438,96.5882,97.7097
2439,96.5882,97.7097
2440,96.5882,97.7097
2441,96.5882,97.7097
2442,96.5882,97.7097
2443,96.5882,97.7097
2444,96.5882,97.7097
2445,96.5882,97.7097
2446,96.5882,97.7097
2447,96.5882,97.7097
2448,96.5882,97.7097
2449,96.5882,97.7097
2450,96.5882,97.7097
2451,96.5882,97.7097
2452,96.5882,97.7097
2453,96.5882,97.7097
2454,96.5882,97.7097
2455,96.5882,97.7097
2456,96.5882,97.7097
2457,96.5882,97.7097
2458,96.5882,97.7097
2459,96.5882,97.7097
2460,96.5882,97.7097
2461,96.5882,97.7097
2462,96.5882,97.7419
2463,96.5882,97.7419
2464,96.5882,97.7419
2465,96.5882,97.7419
2466,96.5882,97.7419
2467,96.5882,97.7419
2468,96.5882,97.7419
2469,96.5882,97.7419
2470,96.5882,97.7419
2471,96.5882,97.7419
2472,96.5882,97.7419
2473,96.5882,97.7419
2474,96.5882,97.7419
2475,96.5882,97.7419
2476,96.5882,97.7419
2477,96.5882,97.7419
2478,96.5882,97.7419
2479,96.5882,97.7419
2480,96.5882,97.7419
2481,96.5882,97.7419
2482,96.5882,97.7419
2483,96.5882,97.7419
2484,96.5882,97.7419
2485,96.5882,97.7419
2486,96.5882,97.7419
2487,96.5882,97.7419
2488,96.5882,97.7419
2489,96.5882,97.7419
2490,96.5882,97.7419
2491,96.5882,97.7419
2492,96.5882,97.7419
2493,96.5882,97.7419
2494,96.5882,97.7419
2495,96.5882,97.7419
2496,96.5882,97.7419
2497,96.5882,97.7419
2498,96.5882,97.7419
2499,96.5882,97.7419
2500,96.5882,97.7419
2501,96.5882,97.7419
2502,96.5882,97.7419
2503,96.5882,97.7419
2504,96.5882,97.7419
2505,96.5882,97.7419
2506,96.5882,97.7419
2507,96.5882,97.7419
2508,96.5882,97.7419
2509,96.5882,97.7419
2510,96.5882,97.7419
2511,96.5882,97.7419
2512,96.5882,97.7419
2513,96.5882,97.7419
2514,96.5882,97.7419
2515,96.5882,97.7419
2516,96.5882,97.7419
2517,96.5882,97.7419
2518,96.5882,97.7419
2519,96.5882,97.7419
2520,96.5882,97.7419
2521,96.5882,97.7419
2522,96.5882,97.7419
2523,96.5882,97.7419
2524,96.5882,97.7419
2525,96.5882,97.7419
2526,96.5882,97.7419
2527,96.5882,97.7419
2528,96.5882,97.7419
2529,96.5882,97.7419
2530,96.5882,97.7419
2531,96.5882,97.7419
2532,96.5882,97.7419
2533,96.5882,97.7419
2534,96.5882,97.7419
2535,96.5882,97.7419
2536,96.5882,97.7419
2537,96.5882,97.7419
2538,96.5882,97.7419
2539,96.5882,97.7419
2540,96.5882,97.7419
2541,96.5882,97.7419
2542,96.5882,97.7419
2543,96.5882,97.7419
2544,96.5882,97.7419
2545,96.5882,97.7419
2546,96.5882,97.7419
2547,96.7059,97.7419
2548,96.7059,97.7419
2549,96.7059,97.7419
2550,96.7059,97.7419
2551,96.7059,97.7419
2552,96.7059,97.7419
2553,96.7059,97.7419
2554,96.7059,97.7419
2555,96.7059,97.7419
2556,96.7059,97.7419
2557,96.7059,97.7419
2558,96.7059,97.7419
2559,96.7059,97.7419
2560,96.7059,97.7419
2561,96.7059,97.7419
2562,96.7059,97.7419
2563,96.7059,97.7419
2564,96.7059,97.7419
2565,96.7059,97.7419
2566,96.7059,97.7419
2567,96.7059,97.7419
2568,96.7059,97.7419
2569,96.7059,97.7419
2570,96.7059,97.7419
2571,96.7059,97.7419
2572,96.7059,97.7419
2573,96.7059,97.7419
2574,96.7059,97.7419
2575,96.7059,97.7419
2576,96.7059,97.7419
2577,96.7059,97.7419
2578,96.7059,97.7419
2579,96.7059,97.7419
2580,96.7059,97.7419
2581,96.7059,97.7419
2582,96.7059,97.7419
2583,96.7059,97.7419
2584,96.7059,97.7419
2585,96.7059,97.7419
2586,96.7059,97.7419
2587,96.7059,97.7419
2588,96.7059,97.7419
2589,96.7059,97.7419
2590,96.7059,97.7419
2591,96.7059,97.7419
2592,96.7059,97.7419
2593,96.7059,97.7419
2594,96.7059,97.7419
2595,96.7059,97.7419
2596,96.7059,97.7419
2597,96.7059,97.7419
2598,96.7059,97.7419
2599,96.7059,97.7419
2600,96.7059,97.7419
2601,96.7059,97.7419
2602,96.7059,97.7419
2603,96.7059,97.7419
2604,96.7059,97.7419
2605,96.7059,97.7419
2606,96.7059,97.7419
2607,96.7059,97.7419
2608,96.7059,97.7419
2609,96.7059,97.7419
2610,96.7059,97.7419
2611,96.7059,97.7419
2612,96.7059,97.7419
2613,96.7059,97.7419
2614,96.7059,97.7419
2615,96.7059,97.7419
2616,96.7059,97.7419
2617,96.7059,97.7419
2618,96.7059,97.7419
2619,96.7059,97.7419
2620,96.7059,97.7419
2621,96.7059,97.7419
2622,96.7059,97.7419
2623,96.7059,97.7419
2624,96.7059,97.7419
2625,96.7059,97.7419
2626,96.7059,97.7419
2627,96.7059,97.7419
2628,96.7059,97.7419
2629,96.7059,97.7419
2630,96.7059,97.7419
2631,96.7059,97.7419
2632,96.7059,97.7419
2633,96.7059,97.7419
2634,96.7059,97.7419
2635,96.7059,97.7419
2636,96.7059,97.7419
2637,96.7059,97.7419
2638,96.7059,97.7419
2639,96.7059,97.7419
2640,96.7059,97.7419
2641,96.7059,97.7419
2642,96.7059,97.7419
2643,96.7059,97.7419
2644,96.7059,97.7419
2645,96.7059,97.7419
2646,96.7059,97.7419
2647,96.7059,97.7419
2648,96.7059,97.7419
2649,96.7059,97.7419
2650,96.7059,97.7419
2651,96.7059,97.7419
2652,96.7059,97.7419
2653,96.7059,97.7419
2654,96.7059,97.7419
2655,96.7059,97.7419
2656,96.7059,97.7419
2657,96.7059,97.7419
2658,96.7059,97.7419
2659,96.7059,97.7419
2660,96.7059,97.7419
2661,96.7059,97.7419
2662,96.7059,97.7419
2663,96.7059,97.7419
2664,96.7059,97.7419
2665,96.7059,97.7419
2666,96.7059,97.7419
2667,96.7059,97.7419
2668,96.7059,97.7419
2669,96.7059,97.7419
2670,96.7059,97.7419
2671,96.7059,97.7419
2672,96.7059,97.7419
2673,96.7059,97.7419
2674,96.7059,97.7419
2675,96.7059,97.7419
2676,96.7059,97.7419
2677,96.7059,97.7419
2678,96.7059,97.7419
2679,96.7059,97.7419
2680,96.7059,97.7419
2681,96.7059,97.7419
2682,96.7059,97.7419
2683,96.7059,97.7419
2684,96.7059,97.7419
2685,96.7059,97.7419
2686,96.7059,97.7419
2687,96.7059,97.7419
2688,96.7059,97.7419
2689,96.7059,97.7419
2690,96.7059,97.7419
2691,96.7059,97.7419
2692,96.7059,97.7419
2693,96.7059,97.7419
2694,96.7059,97.7419
2695,96.7059,97.7419
2696,96.7059,97.7419
2697,96.7059,97.7419
2698,96.7059,97.7742
2699,96.7059,97.7742
2700,96.7059,97.7742
2701,96.7059,97.7742
2702,96.7059,97.7742
2703,96.7059,97.7742
2704,96.7059,97.7742
2705,96.7059,97.7742
2706,96.7059,97.7742
2707,96.7059,97.7742
2708,96.7059,97.7742
2709,96.7059,97.7742
2710,96.7059,97.7742
2711,96.7059,97.7742
2712,96.7059,97.8065
2713,96.7059,97.8065
2714,96.7059,97.8065
2715,96.7059,97.8065
2716,96.7059,97.8065
2717,96.7059,97.8387
2718,96.7059,97.8387
2719,96.7059,97.8387
2720,96.7059,97.8387
2721,96.7059,97.8387
2722,96.7059,97.8387
2723,96.7059,97.8387
2724,96.7059,97.8387
2725,96.7059,97.8387
2726,96.7059,97.8387
2727,96.7059,97.8387
2728,96.7059,97.8387
2729,96.7059,97.8387
2730,96.7059,97.8387
2731,96.7059,97.8387
2732,96.7059,97.8387
2733,96.7059,97.8387
2734,96.7059,97.8387
2735,96.7059,97.8387
2736,96.7059,97.8387
2737,96.7059,97.8387
2738,96.7059,97.8387
2739,96.7059,97.8387
2740,96.7059,97.8387
2741,96.7059,97.8387
2742,96.7059,97.8387
2743,96.7059,97.8387
2744,96.7059,97.8387
2745,96.7059,97.8387
2746,96.7059,97.8387
2747,96.7059,97.8387
2748,96.7059,97.8387
2749,96.7059,97.8387
2750,96.7059,97.8387
2751,96.7059,97.8387
2752,96.7059,97.8387
2753,96.7059,97.8387
2754,96.7059,97.8387
2755,96.7059,97.8387
2756,96.7059,97.8387
2757,96.7059,97.8387
2758,96.7059,97.8387
2759,96.7059,97.8387
2760,96.7059,97.8387
2761,96.7059,97.8387
2762,96.7059,97.8387
2763,96.7059,97.8387
2764,96.7059,97.8387
2765,96.7059,97.8387
2766,96.7059,97.8387
2767,96.7059,97.8387
2768,96.7059,97.8387
2769,96.7059,97.8387
2770,96.7059,97.8387
2771,96.7059,97.8387
2772,96.7059,97.8387
2773,96.7059,97.8387
2774,96.7059,97.8387
2775,96.7059,97.8387
2776,96.7059,97.8387
2777,96.7059,97.8387
2778,96.7059,97.8387
2779,96.7059,97.8387
2780,96.7059,97.8387
2781,96.7059,97.8387
2782,96.7059,97.8387
2783,96.7059,97.8387
2784,96.7059,97.8387
2785,96.7059,97.8387
2786,96.7059,97.8387
2787,96.7059,97.8387
2788,96.7059,97.8387
2789,96.7059,97.8387
2790,96.7059,97.8387
2791,96.7059,97.8387
2792,96.7059,97.8387
2793,96.7059,97.8387
2794,96.7059,97.8387
2795,96.7059,97.8387
2796,96.7059,97.8387
2797,96.7059,97.8387
2798,96.7059,97.8387
2799,96.7059,97.8387
2800,96.7059,97.8387
2801,96.7059,97.8387
2802,96.7059,97.8387
2803,96.7059,97.8387
2804,96.7059,97.8387
2805,96.7059,97.8387
2806,96.7059,97.8387
2807,96.7059,97.8387
2808,96.7059,97.8387
2809,96.7059,97.8387
2810,96.7059,97.8387
2811,96.7059,97.8387
2812,96.7059,97.8387
2813,96.7059,97.8387
2814,96.7059,97.8387
2815,96.7059,97.8387
2816,96.7059,97.8387
2817,96.7059,97.8387
2818,96.7059,97.8387
2819,96.7059,97.8387
2820,96.7059,97.8387
2821,96.7059,97.8387
2822,96.7059,97.8387
2823,96.7059,97.8387
2824,96.7059,97.8387
2825,96.7059,97.8387
2826,96.7059,97.8387
2827,96.7059,97.8387
2828,96.7059,97.8387
2829,96.7059,97.8387
2830,96.7059,97.8387
2831,96.7059,97.8387
2832,96.7059,97.8387
2833,96.7059,97.8387
2834,96.7059,97.8387
2835,96.7059,97.8387
2836,96.7059,97.8387
2837,96.7059,97.8387
2838,96.7059,97.8387
2839,96.7059,97.8387
2840,96.7059,97.8387
2841,96.7059,97.8387
2842,96.7059,97.8387
2843,96.7059,97.8387
2844,96.7059,97.8387
2845,96.7059,97.8387
2846,96.7059,97.8387
2847,96.7059,97.8387
2848,96.7059,97.8387
2849,96.7059,97.8387
2850,96.7059,97.8387
2851,96.7059,97.8387
2852,96.7059,97.8387
2853,96.7059,97.8387
2854,96.7059,97.8387
2855,96.7059,97.8387
2856,96.7059,97.8387
2857,96.7059,97.8387
2858,96.7059,97.8387
2859,96.7059,97.8387
2860,96.7059,97.8387
2861,96.7059,97.8387
2862,96.7059,97.8387
2863,96.7059,97.8387
2864,96.7059,97.8387
2865,96.7059,97.8387
2866,96.7059,97.8387
2867,96.7059,97.8387
2868,96.7059,97.8387
2869,96.7059,97.8387
2870,96.7059,97.8387
2871,96.7059,97.8387
2872,96.7059,97.8387
2873,96.7059,97.8387
2874,96.7059,97.8387
2875,96.7059,97.8387
2876,96.7059,97.8387
2877,96.7059,97.8387
2878,96.7059,97.8387
2879,96.7059,97.8387
2880,96.7059,97.8387
2881,96.7059,97.8387
2882,96.7059,97.8387
2883,96.7059,97.8387
2884,96.7059,97.8387
2885,96.7059,97.8387
2886,96.7059,97.8387
2887,96.7059,97.8387
2888,96.7059,97.8387
2889,96.7059,97.8387
2890,96.7059,97.8387
2891,96.7059,97.8387
2892,96.7059,97.8387
2893,96.7059,97.8387
2894,96.7059,97.8387
2895,96.7059,97.8387
2896,96.7059,97.8387
2897,96.7059,97.8387
2898,96.7059,97.8387
2899,96.7059,97.8387
2900,96.7059,97.8387
2901,96.7059,97.8387
2902,96.7059,97.8387
2903,96.7059,97.8387
2904,96.7059,97.8387
2905,96.7059,97.8387
2906,96.7059,97.8387
2907,96.7059,97.8387
2908,96.7059,97.8387
2909,96.7059,97.8387
2910,96.7059,97.8387
2911,96.7059,97.8387
2912,96.7059,97.8387
2913,96.7059,97.8387
2914,96.7059,97.8387
2915,96.7059,97.8387
2916,96.7059,97.8387
2917,96.7059,97.8387
2918,96.7059,97.8387
2919,96.7059,97.8387
2920,96.7059,97.8387
2921,96.7059,97.8387
2922,96.7059,97.8387
2923,96.7059,97.8387
2924,96.7059,97.8387
2925,96.7059,97.8387
2926,96.7059,97.8387
2927,96.7059,97.8387
2928,96.7059,97.8387
2929,96.7059,97.8387
2930,96.7059,97.8387
2931,96.7059,97.8387
2932,96.7059,97.8387
2933,96.7059,97.8387
2934,96.7059,97.8387
2935,96.7059,97.8387
2936,96.7059,97.8387
2937,96.7059,97.8387
2938,96.7059,97.8387
2939,96.7059,97.8387
2940,96.7059,97.8387
2941,96.7059,97.8387
2942,96.7059,97.8387
2943,96.7059,97.8387
2944,96.7059,97.8387
2945,96.7059,97.8387
2946,96.7059,97.8387
2947,96.7059,97.8387
2948,96.7059,97.8387
2949,96.7059,97.8387
2950,96.7059,97.8387
2951,96.7059,97.8387
2952,96.7059,97.8387
2953,96.7059,97.8387
2954,96.7059,97.8387
2955,96.7059,97.8387
2956,96.7059,97.8387
2957,96.7059,97.8387
2958,96.7059,97.8387
2959,96.7059,97.8387
2960,96.7059,97.8387
2961,96.7059,97.8387
2962,96.7059,97.8387
2963,96.7059,97.8387
2964,96.7059,97.8387
2965,96.7059,97.8387
2966,96.7059,97.8387
2967,96.7059,97.8387
2968,96.7059,97.8387
2969,96.7059,97.8387
2970,96.7059,97.8387
2971,96.7059,97.8387
2972,96.7059,97.8387
2973,96.7059,97.8387
2974,96.7059,97.8387
2975,96.7059,97.8387
2976,96.7059,97.8387
2977,96.7059,97.8387
2978,96.7059,97.8387
2979,96.7059,97.8387
2980,96.7059,97.8387
2981,96.7059,97.8387
2982,96.7059,97.8387
2983,96.7059,97.8387
2984,96.7059,97.8387
2985,96.7059,97.8387
2986,96.7059,97.8387
2987,96.7059,97.8387
2988,96.7059,97.8387
2989,96.7059,97.8387
2990,96.7059,97.8387
2991,96.7059,97.8387
2992,96.7059,97.8387
2993,96.7059,97.8387
2994,96.7059,97.8387
2995,96.7059,97.871
2996,96.7059,97.871
2997,96.7059,97.871
2998,96.7059,97.871
2999,96.7059,97.871
